D:\pryor\Documents\GitHubProjects\FEA\venv\Scripts\python.exe D:/pryor/Documents/GitHubProjects/FEA/refactored_testing.py
running
F17
Starting Random 1
D:\pryor\Documents\GitHubProjects\FEA\refactoring\optimizationProblems\benchmarks.py:29: NumbaWarning: 
Compilation is falling back to object mode WITH looplifting enabled because Function "schwefel__" failed type inference due to: No implementation of function Function(<function sum at 0x000001FAA1022D30>) found for signature:
 
 >>> sum(list(float64)<iv=None>)
 
There are 2 candidate implementations:
  - Of which 2 did not match due to:
  Overload of function 'sum': File: numba\core\typing\npydecl.py: Line 348.
    With argument(s): '(list(float64)<iv=None>)':
   No match.

During: resolving callee type: Function(<function sum at 0x000001FAA1022D30>)
During: typing of call at D:\pryor\Documents\GitHubProjects\FEA\refactoring\optimizationProblems\benchmarks.py (31)


File "refactoring\optimizationProblems\benchmarks.py", line 31:
def schwefel__(solution=None):
    return sum([sum(solution[:i]) ** 2 for i in range(0, len(solution))])
    ^

  @numba.jit
D:\pryor\Documents\GitHubProjects\FEA\venv\lib\site-packages\numba\core\object_mode_passes.py:151: NumbaWarning: Function "schwefel__" was compiled in object mode without forceobj=True.

File "refactoring\optimizationProblems\benchmarks.py", line 30:
@numba.jit
def schwefel__(solution=None):
^

  warnings.warn(errors.NumbaWarning(warn_msg,
D:\pryor\Documents\GitHubProjects\FEA\venv\lib\site-packages\numba\core\object_mode_passes.py:161: NumbaDeprecationWarning: 
Fall-back from the nopython compilation path to the object mode compilation path has been detected, this is deprecated behaviour.

For more information visit https://numba.pydata.org/numba-doc/latest/reference/deprecation.html#deprecation-of-object-mode-fall-back-behaviour-when-using-jit

File "refactoring\optimizationProblems\benchmarks.py", line 30:
@numba.jit
def schwefel__(solution=None):
^

  warnings.warn(errors.NumbaDeprecationWarning(msg,
Mic: 0.0
Interaction: 0.0
	|	-0.5922010870550247 --> 0.0 Accepted
finished Random 1
Total weight: -5.8510888378361
finished Random 1
[[8, 16, 10, 0], [13, 1], [8, 2], [16, 3], [19, 4], [15, 12, 8, 5], [11, 6], [8, 7], [0, 7, 2, 19, 5, 8], [10, 17, 9], [18, 14, 9, 0, 10], [6, 12, 11], [5, 11, 12], [17, 1, 13], [10, 14], [5, 15], [0, 3, 16], [13, 9, 17], [10, 18], [8, 4, 19]]
[8, 16, 10, 0, 13, 1, 8, 2, 16, 3, 19, 4, 15, 12, 8, 5, 11, 6, 8, 7, 0, 7, 2, 19, 5, 8, 10, 17, 9, 18, 14, 9, 0, 10, 6, 12, 11, 5, 11, 12, 17, 1, 13, 10, 14, 5, 15, 0, 3, 16, 13, 9, 17, 10, 18, 8, 4, 19]
[[8, 16, 10, 0], [8, 2], [16, 3], [19, 4], [15, 12, 8, 5], [11, 6], [8, 7], [0, 7, 2, 19, 5, 8], [10, 17, 9], [18, 14, 9, 0, 10], [6, 12, 11], [5, 11, 12], [17, 13], [10, 14], [5, 15], [0, 3, 16], [13, 9, 17], [10, 18], [8, 4, 19]]
[8, 16, 10, 0, 8, 2, 16, 3, 19, 4, 15, 12, 8, 5, 11, 6, 8, 7, 0, 7, 2, 19, 5, 8, 10, 17, 9, 18, 14, 9, 0, 10, 6, 12, 11, 5, 11, 12, 17, 13, 10, 14, 5, 15, 0, 3, 16, 13, 9, 17, 10, 18, 8, 4, 19]
[[8, 16, 10, 0], [16, 3], [19, 4], [15, 12, 8, 5], [11, 6], [8, 7], [0, 7, 19, 5, 8], [10, 17, 9], [18, 14, 9, 0, 10], [6, 12, 11], [5, 11, 12], [17, 13], [10, 14], [5, 15], [0, 3, 16], [13, 9, 17], [10, 18], [8, 4, 19]]
[8, 16, 10, 0, 16, 3, 19, 4, 15, 12, 8, 5, 11, 6, 8, 7, 0, 7, 19, 5, 8, 10, 17, 9, 18, 14, 9, 0, 10, 6, 12, 11, 5, 11, 12, 17, 13, 10, 14, 5, 15, 0, 3, 16, 13, 9, 17, 10, 18, 8, 4, 19]
[[8, 16, 10, 0], [19, 4], [15, 12, 8, 5], [11, 6], [8, 7], [0, 7, 19, 5, 8], [10, 17, 9], [18, 14, 9, 0, 10], [6, 12, 11], [5, 11, 12], [17, 13], [10, 14], [5, 15], [0, 16], [13, 9, 17], [10, 18], [8, 4, 19]]
[8, 16, 10, 0, 19, 4, 15, 12, 8, 5, 11, 6, 8, 7, 0, 7, 19, 5, 8, 10, 17, 9, 18, 14, 9, 0, 10, 6, 12, 11, 5, 11, 12, 17, 13, 10, 14, 5, 15, 0, 16, 13, 9, 17, 10, 18, 8, 4, 19]
[[8, 16, 10, 0], [15, 12, 8, 5], [11, 6], [8, 7], [0, 7, 19, 5, 8], [10, 17, 9], [18, 14, 9, 0, 10], [6, 12, 11], [5, 11, 12], [17, 13], [10, 14], [5, 15], [0, 16], [13, 9, 17], [10, 18], [8, 19]]
[8, 16, 10, 0, 15, 12, 8, 5, 11, 6, 8, 7, 0, 7, 19, 5, 8, 10, 17, 9, 18, 14, 9, 0, 10, 6, 12, 11, 5, 11, 12, 17, 13, 10, 14, 5, 15, 0, 16, 13, 9, 17, 10, 18, 8, 19]
[[8, 16, 10, 0], [15, 12, 8, 5], [8, 7], [0, 7, 19, 5, 8], [10, 17, 9], [18, 14, 9, 0, 10], [12, 11], [5, 11, 12], [17, 13], [10, 14], [5, 15], [0, 16], [13, 9, 17], [10, 18], [8, 19]]
[8, 16, 10, 0, 15, 12, 8, 5, 8, 7, 0, 7, 19, 5, 8, 10, 17, 9, 18, 14, 9, 0, 10, 12, 11, 5, 11, 12, 17, 13, 10, 14, 5, 15, 0, 16, 13, 9, 17, 10, 18, 8, 19]
[[8, 16, 10, 0], [15, 12, 8, 5], [0, 19, 5, 8], [10, 17, 9], [18, 14, 9, 0, 10], [12, 11], [5, 11, 12], [17, 13], [10, 14], [5, 15], [0, 16], [13, 9, 17], [10, 18], [8, 19]]
[8, 16, 10, 0, 15, 12, 8, 5, 0, 19, 5, 8, 10, 17, 9, 18, 14, 9, 0, 10, 12, 11, 5, 11, 12, 17, 13, 10, 14, 5, 15, 0, 16, 13, 9, 17, 10, 18, 8, 19]
[[8, 16, 10, 0], [15, 12, 8, 5], [0, 19, 5, 8], [10, 17, 9], [18, 14, 9, 0, 10], [5, 12], [17, 13], [10, 14], [5, 15], [0, 16], [13, 9, 17], [10, 18], [8, 19]]
[8, 16, 10, 0, 15, 12, 8, 5, 0, 19, 5, 8, 10, 17, 9, 18, 14, 9, 0, 10, 5, 12, 17, 13, 10, 14, 5, 15, 0, 16, 13, 9, 17, 10, 18, 8, 19]
[[8, 16, 10, 0], [15, 8, 5], [0, 19, 5, 8], [10, 17, 9], [18, 14, 9, 0, 10], [17, 13], [10, 14], [5, 15], [0, 16], [13, 9, 17], [10, 18], [8, 19]]
[8, 16, 10, 0, 15, 8, 5, 0, 19, 5, 8, 10, 17, 9, 18, 14, 9, 0, 10, 17, 13, 10, 14, 5, 15, 0, 16, 13, 9, 17, 10, 18, 8, 19]
[[8, 16, 10, 0], [15, 8, 5], [0, 19, 5, 8], [10, 17, 9], [18, 14, 9, 0, 10], [10, 14], [5, 15], [0, 16], [9, 17], [10, 18], [8, 19]]
[8, 16, 10, 0, 15, 8, 5, 0, 19, 5, 8, 10, 17, 9, 18, 14, 9, 0, 10, 10, 14, 5, 15, 0, 16, 9, 17, 10, 18, 8, 19]
[[8, 16, 10, 0], [15, 8, 5], [0, 19, 5, 8], [10, 17, 9], [18, 9, 0, 10], [5, 15], [0, 16], [9, 17], [10, 18], [8, 19]]
[8, 16, 10, 0, 15, 8, 5, 0, 19, 5, 8, 10, 17, 9, 18, 9, 0, 10, 5, 15, 0, 16, 9, 17, 10, 18, 8, 19]
[[8, 16, 10, 0], [8, 5], [0, 19, 5, 8], [10, 17, 9], [18, 9, 0, 10], [0, 16], [9, 17], [10, 18], [8, 19]]
[8, 16, 10, 0, 8, 5, 0, 19, 5, 8, 10, 17, 9, 18, 9, 0, 10, 0, 16, 9, 17, 10, 18, 8, 19]
[[8, 16, 10, 0], [0, 19, 8], [10, 17, 9], [18, 9, 0, 10], [0, 16], [9, 17], [10, 18], [8, 19]]
[8, 16, 10, 0, 0, 19, 8, 10, 17, 9, 18, 9, 0, 10, 0, 16, 9, 17, 10, 18, 8, 19]
[[8, 10, 0], [0, 19, 8], [10, 17, 9], [18, 9, 0, 10], [9, 17], [10, 18], [8, 19]]
[8, 10, 0, 0, 19, 8, 10, 17, 9, 18, 9, 0, 10, 9, 17, 10, 18, 8, 19]
[[8, 10, 0], [0, 19, 8], [10, 9], [18, 9, 0, 10], [10, 18], [8, 19]]
[8, 10, 0, 0, 19, 8, 10, 9, 18, 9, 0, 10, 10, 18, 8, 19]
[[8, 10, 0], [0, 19, 8], [18, 0, 10], [10, 18], [8, 19]]
[8, 10, 0, 0, 19, 8, 18, 0, 10, 10, 18, 8, 19]
[[8, 10, 0], [0, 19, 8], [0, 10], [8, 19]]
[8, 10, 0, 0, 19, 8, 0, 10, 8, 19]
[[8, 0], [0, 19, 8], [8, 19]]
[8, 0, 0, 19, 8, 8, 19]
[[19, 8], [8, 19]]
[19, 8, 8, 19]






















Starting Random 5
Mic: 0.2338631531398693
Interaction: 0.2338631531398693
Mic: 0.1801573205763404
Interaction: 0.1801573205763404
Mic: 0.08079313589591199
Interaction: 0.08079313589591199
Mic: 0.0
Interaction: 0.0
	|	-0.5460621879113867 --> 0.2338631531398693 Accepted	|	-0.4415885110363047 --> 0.1801573205763404 Accepted	|	-0.42798007596102305 --> 0.08079313589591199 Accepted	|	-0.4234792893614696 --> 0.0 Accepted
finished Random 5
Total weight: -3.5171651639537944
finished Random 5
[[8, 16, 10, 1, 0], [0, 1], [8, 11, 2], [16, 3], [19, 4], [15, 12, 5], [19, 6], [8, 7], [0, 7, 2, 19, 15, 8], [10, 17, 9], [18, 14, 9, 0, 10], [2, 11], [5, 12], [17, 13], [10, 14], [5, 8, 15], [0, 3, 16], [13, 9, 17], [10, 18], [8, 4, 6, 19]]
[8, 16, 10, 1, 0, 0, 1, 8, 11, 2, 16, 3, 19, 4, 15, 12, 5, 19, 6, 8, 7, 0, 7, 2, 19, 15, 8, 10, 17, 9, 18, 14, 9, 0, 10, 2, 11, 5, 12, 17, 13, 10, 14, 5, 8, 15, 0, 3, 16, 13, 9, 17, 10, 18, 8, 4, 6, 19]
[[8, 16, 10, 0], [8, 11, 2], [16, 3], [19, 4], [15, 12, 5], [19, 6], [8, 7], [0, 7, 2, 19, 15, 8], [10, 17, 9], [18, 14, 9, 0, 10], [2, 11], [5, 12], [17, 13], [10, 14], [5, 8, 15], [0, 3, 16], [13, 9, 17], [10, 18], [8, 4, 6, 19]]
[8, 16, 10, 0, 8, 11, 2, 16, 3, 19, 4, 15, 12, 5, 19, 6, 8, 7, 0, 7, 2, 19, 15, 8, 10, 17, 9, 18, 14, 9, 0, 10, 2, 11, 5, 12, 17, 13, 10, 14, 5, 8, 15, 0, 3, 16, 13, 9, 17, 10, 18, 8, 4, 6, 19]
[[8, 16, 10, 0], [8, 11, 2], [19, 4], [15, 12, 5], [19, 6], [8, 7], [0, 7, 2, 19, 15, 8], [10, 17, 9], [18, 14, 9, 0, 10], [2, 11], [5, 12], [17, 13], [10, 14], [5, 8, 15], [0, 16], [13, 9, 17], [10, 18], [8, 4, 6, 19]]
[8, 16, 10, 0, 8, 11, 2, 19, 4, 15, 12, 5, 19, 6, 8, 7, 0, 7, 2, 19, 15, 8, 10, 17, 9, 18, 14, 9, 0, 10, 2, 11, 5, 12, 17, 13, 10, 14, 5, 8, 15, 0, 16, 13, 9, 17, 10, 18, 8, 4, 6, 19]
[[8, 16, 10, 0], [8, 11, 2], [15, 12, 5], [19, 6], [8, 7], [0, 7, 2, 19, 15, 8], [10, 17, 9], [18, 14, 9, 0, 10], [2, 11], [5, 12], [17, 13], [10, 14], [5, 8, 15], [0, 16], [13, 9, 17], [10, 18], [8, 6, 19]]
[8, 16, 10, 0, 8, 11, 2, 15, 12, 5, 19, 6, 8, 7, 0, 7, 2, 19, 15, 8, 10, 17, 9, 18, 14, 9, 0, 10, 2, 11, 5, 12, 17, 13, 10, 14, 5, 8, 15, 0, 16, 13, 9, 17, 10, 18, 8, 6, 19]
[[8, 16, 10, 0], [8, 11, 2], [15, 12, 5], [8, 7], [0, 7, 2, 19, 15, 8], [10, 17, 9], [18, 14, 9, 0, 10], [2, 11], [5, 12], [17, 13], [10, 14], [5, 8, 15], [0, 16], [13, 9, 17], [10, 18], [8, 19]]
[8, 16, 10, 0, 8, 11, 2, 15, 12, 5, 8, 7, 0, 7, 2, 19, 15, 8, 10, 17, 9, 18, 14, 9, 0, 10, 2, 11, 5, 12, 17, 13, 10, 14, 5, 8, 15, 0, 16, 13, 9, 17, 10, 18, 8, 19]
[[8, 16, 10, 0], [8, 11, 2], [15, 12, 5], [0, 2, 19, 15, 8], [10, 17, 9], [18, 14, 9, 0, 10], [2, 11], [5, 12], [17, 13], [10, 14], [5, 8, 15], [0, 16], [13, 9, 17], [10, 18], [8, 19]]
[8, 16, 10, 0, 8, 11, 2, 15, 12, 5, 0, 2, 19, 15, 8, 10, 17, 9, 18, 14, 9, 0, 10, 2, 11, 5, 12, 17, 13, 10, 14, 5, 8, 15, 0, 16, 13, 9, 17, 10, 18, 8, 19]
[[8, 16, 10, 0], [8, 2], [15, 12, 5], [0, 2, 19, 15, 8], [10, 17, 9], [18, 14, 9, 0, 10], [5, 12], [17, 13], [10, 14], [5, 8, 15], [0, 16], [13, 9, 17], [10, 18], [8, 19]]
[8, 16, 10, 0, 8, 2, 15, 12, 5, 0, 2, 19, 15, 8, 10, 17, 9, 18, 14, 9, 0, 10, 5, 12, 17, 13, 10, 14, 5, 8, 15, 0, 16, 13, 9, 17, 10, 18, 8, 19]
[[8, 16, 10, 0], [15, 12, 5], [0, 19, 15, 8], [10, 17, 9], [18, 14, 9, 0, 10], [5, 12], [17, 13], [10, 14], [5, 8, 15], [0, 16], [13, 9, 17], [10, 18], [8, 19]]
[8, 16, 10, 0, 15, 12, 5, 0, 19, 15, 8, 10, 17, 9, 18, 14, 9, 0, 10, 5, 12, 17, 13, 10, 14, 5, 8, 15, 0, 16, 13, 9, 17, 10, 18, 8, 19]
[[8, 16, 10, 0], [15, 5], [0, 19, 15, 8], [10, 17, 9], [18, 14, 9, 0, 10], [17, 13], [10, 14], [5, 8, 15], [0, 16], [13, 9, 17], [10, 18], [8, 19]]
[8, 16, 10, 0, 15, 5, 0, 19, 15, 8, 10, 17, 9, 18, 14, 9, 0, 10, 17, 13, 10, 14, 5, 8, 15, 0, 16, 13, 9, 17, 10, 18, 8, 19]
[[8, 16, 10, 0], [0, 19, 15, 8], [10, 17, 9], [18, 14, 9, 0, 10], [17, 13], [10, 14], [8, 15], [0, 16], [13, 9, 17], [10, 18], [8, 19]]
[8, 16, 10, 0, 0, 19, 15, 8, 10, 17, 9, 18, 14, 9, 0, 10, 17, 13, 10, 14, 8, 15, 0, 16, 13, 9, 17, 10, 18, 8, 19]
[[8, 16, 10, 0], [0, 19, 15, 8], [10, 17, 9], [18, 14, 9, 0, 10], [10, 14], [8, 15], [0, 16], [9, 17], [10, 18], [8, 19]]
[8, 16, 10, 0, 0, 19, 15, 8, 10, 17, 9, 18, 14, 9, 0, 10, 10, 14, 8, 15, 0, 16, 9, 17, 10, 18, 8, 19]
[[8, 16, 10, 0], [0, 19, 15, 8], [10, 17, 9], [18, 9, 0, 10], [8, 15], [0, 16], [9, 17], [10, 18], [8, 19]]
[8, 16, 10, 0, 0, 19, 15, 8, 10, 17, 9, 18, 9, 0, 10, 8, 15, 0, 16, 9, 17, 10, 18, 8, 19]
[[8, 16, 10, 0], [0, 19, 8], [10, 17, 9], [18, 9, 0, 10], [0, 16], [9, 17], [10, 18], [8, 19]]
[8, 16, 10, 0, 0, 19, 8, 10, 17, 9, 18, 9, 0, 10, 0, 16, 9, 17, 10, 18, 8, 19]
[[8, 10, 0], [0, 19, 8], [10, 17, 9], [18, 9, 0, 10], [9, 17], [10, 18], [8, 19]]
[8, 10, 0, 0, 19, 8, 10, 17, 9, 18, 9, 0, 10, 9, 17, 10, 18, 8, 19]
[[8, 10, 0], [0, 19, 8], [10, 9], [18, 9, 0, 10], [10, 18], [8, 19]]
[8, 10, 0, 0, 19, 8, 10, 9, 18, 9, 0, 10, 10, 18, 8, 19]
[[8, 10, 0], [0, 19, 8], [18, 0, 10], [10, 18], [8, 19]]
[8, 10, 0, 0, 19, 8, 18, 0, 10, 10, 18, 8, 19]
[[8, 10, 0], [0, 19, 8], [0, 10], [8, 19]]
[8, 10, 0, 0, 19, 8, 0, 10, 8, 19]
[[8, 0], [0, 19, 8], [8, 19]]
[8, 0, 0, 19, 8, 8, 19]
[[19, 8], [8, 19]]
[19, 8, 8, 19]






















Starting Random 10
Mic: 0.9988455359952023
Interaction: 0.9988455359952023
Mic: 1.0000000000000009
Interaction: 1.0000000000000009
Mic: 0.08079313589591199
Interaction: 0.08079313589591199
Mic: 0.18027287828096822
Interaction: 0.18027287828096822
Mic: 0.08079313589591199
Interaction: 0.08079313589591199
	|	-0.42216346625035706 --> 0.9988455359952023 Accepted	|	-0.37981537390754516 --> 1.0000000000000009 Accepted	|	-0.3664134937522232 --> 0.08079313589591199 Accepted	|	-0.34657254102633894 --> 0.18027287828096822 Accepted	|	-0.33909210670337186 --> 0.08079313589591199 Accepted
finished Random 10
Total weight: 0.6775965037540382
finished Random 10
[[8, 16, 1, 13, 14, 0], [0, 1], [8, 11, 2], [16, 3], [5, 4], [15, 12, 4, 5], [19, 9, 6], [8, 7], [0, 7, 2, 19, 15, 8], [6, 9], [18, 17, 10], [2, 11], [5, 12], [17, 0, 13], [0, 14], [5, 8, 15], [0, 3, 16], [13, 10, 17], [10, 18], [8, 6, 19]]
[8, 16, 1, 13, 14, 0, 0, 1, 8, 11, 2, 16, 3, 5, 4, 15, 12, 4, 5, 19, 9, 6, 8, 7, 0, 7, 2, 19, 15, 8, 6, 9, 18, 17, 10, 2, 11, 5, 12, 17, 0, 13, 0, 14, 5, 8, 15, 0, 3, 16, 13, 10, 17, 10, 18, 8, 6, 19]
[[8, 16, 13, 14, 0], [8, 11, 2], [16, 3], [5, 4], [15, 12, 4, 5], [19, 9, 6], [8, 7], [0, 7, 2, 19, 15, 8], [6, 9], [18, 17, 10], [2, 11], [5, 12], [17, 0, 13], [0, 14], [5, 8, 15], [0, 3, 16], [13, 10, 17], [10, 18], [8, 6, 19]]
[8, 16, 13, 14, 0, 8, 11, 2, 16, 3, 5, 4, 15, 12, 4, 5, 19, 9, 6, 8, 7, 0, 7, 2, 19, 15, 8, 6, 9, 18, 17, 10, 2, 11, 5, 12, 17, 0, 13, 0, 14, 5, 8, 15, 0, 3, 16, 13, 10, 17, 10, 18, 8, 6, 19]
[[8, 16, 13, 14, 0], [8, 11, 2], [5, 4], [15, 12, 4, 5], [19, 9, 6], [8, 7], [0, 7, 2, 19, 15, 8], [6, 9], [18, 17, 10], [2, 11], [5, 12], [17, 0, 13], [0, 14], [5, 8, 15], [0, 16], [13, 10, 17], [10, 18], [8, 6, 19]]
[8, 16, 13, 14, 0, 8, 11, 2, 5, 4, 15, 12, 4, 5, 19, 9, 6, 8, 7, 0, 7, 2, 19, 15, 8, 6, 9, 18, 17, 10, 2, 11, 5, 12, 17, 0, 13, 0, 14, 5, 8, 15, 0, 16, 13, 10, 17, 10, 18, 8, 6, 19]
[[8, 16, 13, 14, 0], [8, 11, 2], [15, 12, 5], [19, 9, 6], [8, 7], [0, 7, 2, 19, 15, 8], [6, 9], [18, 17, 10], [2, 11], [5, 12], [17, 0, 13], [0, 14], [5, 8, 15], [0, 16], [13, 10, 17], [10, 18], [8, 6, 19]]
[8, 16, 13, 14, 0, 8, 11, 2, 15, 12, 5, 19, 9, 6, 8, 7, 0, 7, 2, 19, 15, 8, 6, 9, 18, 17, 10, 2, 11, 5, 12, 17, 0, 13, 0, 14, 5, 8, 15, 0, 16, 13, 10, 17, 10, 18, 8, 6, 19]
[[8, 16, 13, 14, 0], [8, 11, 2], [15, 12, 5], [19, 9, 6], [0, 2, 19, 15, 8], [6, 9], [18, 17, 10], [2, 11], [5, 12], [17, 0, 13], [0, 14], [5, 8, 15], [0, 16], [13, 10, 17], [10, 18], [8, 6, 19]]
[8, 16, 13, 14, 0, 8, 11, 2, 15, 12, 5, 19, 9, 6, 0, 2, 19, 15, 8, 6, 9, 18, 17, 10, 2, 11, 5, 12, 17, 0, 13, 0, 14, 5, 8, 15, 0, 16, 13, 10, 17, 10, 18, 8, 6, 19]
[[8, 16, 13, 14, 0], [8, 11, 2], [15, 12, 5], [19, 6], [0, 2, 19, 15, 8], [18, 17, 10], [2, 11], [5, 12], [17, 0, 13], [0, 14], [5, 8, 15], [0, 16], [13, 10, 17], [10, 18], [8, 6, 19]]
[8, 16, 13, 14, 0, 8, 11, 2, 15, 12, 5, 19, 6, 0, 2, 19, 15, 8, 18, 17, 10, 2, 11, 5, 12, 17, 0, 13, 0, 14, 5, 8, 15, 0, 16, 13, 10, 17, 10, 18, 8, 6, 19]
[[8, 16, 13, 14, 0], [8, 11, 2], [15, 12, 5], [0, 2, 19, 15, 8], [18, 17, 10], [2, 11], [5, 12], [17, 0, 13], [0, 14], [5, 8, 15], [0, 16], [13, 10, 17], [10, 18], [8, 19]]
[8, 16, 13, 14, 0, 8, 11, 2, 15, 12, 5, 0, 2, 19, 15, 8, 18, 17, 10, 2, 11, 5, 12, 17, 0, 13, 0, 14, 5, 8, 15, 0, 16, 13, 10, 17, 10, 18, 8, 19]
[[8, 16, 13, 14, 0], [8, 2], [15, 12, 5], [0, 2, 19, 15, 8], [18, 17, 10], [5, 12], [17, 0, 13], [0, 14], [5, 8, 15], [0, 16], [13, 10, 17], [10, 18], [8, 19]]
[8, 16, 13, 14, 0, 8, 2, 15, 12, 5, 0, 2, 19, 15, 8, 18, 17, 10, 5, 12, 17, 0, 13, 0, 14, 5, 8, 15, 0, 16, 13, 10, 17, 10, 18, 8, 19]
[[8, 16, 13, 14, 0], [15, 12, 5], [0, 19, 15, 8], [18, 17, 10], [5, 12], [17, 0, 13], [0, 14], [5, 8, 15], [0, 16], [13, 10, 17], [10, 18], [8, 19]]
[8, 16, 13, 14, 0, 15, 12, 5, 0, 19, 15, 8, 18, 17, 10, 5, 12, 17, 0, 13, 0, 14, 5, 8, 15, 0, 16, 13, 10, 17, 10, 18, 8, 19]
[[8, 16, 13, 14, 0], [15, 5], [0, 19, 15, 8], [18, 17, 10], [17, 0, 13], [0, 14], [5, 8, 15], [0, 16], [13, 10, 17], [10, 18], [8, 19]]
[8, 16, 13, 14, 0, 15, 5, 0, 19, 15, 8, 18, 17, 10, 17, 0, 13, 0, 14, 5, 8, 15, 0, 16, 13, 10, 17, 10, 18, 8, 19]
[[8, 16, 13, 14, 0], [0, 19, 15, 8], [18, 17, 10], [17, 0, 13], [0, 14], [8, 15], [0, 16], [13, 10, 17], [10, 18], [8, 19]]
[8, 16, 13, 14, 0, 0, 19, 15, 8, 18, 17, 10, 17, 0, 13, 0, 14, 8, 15, 0, 16, 13, 10, 17, 10, 18, 8, 19]
[[8, 16, 13, 0], [0, 19, 15, 8], [18, 17, 10], [17, 0, 13], [8, 15], [0, 16], [13, 10, 17], [10, 18], [8, 19]]
[8, 16, 13, 0, 0, 19, 15, 8, 18, 17, 10, 17, 0, 13, 8, 15, 0, 16, 13, 10, 17, 10, 18, 8, 19]
[[8, 16, 13, 0], [0, 19, 8], [18, 17, 10], [17, 0, 13], [0, 16], [13, 10, 17], [10, 18], [8, 19]]
[8, 16, 13, 0, 0, 19, 8, 18, 17, 10, 17, 0, 13, 0, 16, 13, 10, 17, 10, 18, 8, 19]
[[8, 13, 0], [0, 19, 8], [18, 17, 10], [17, 0, 13], [13, 10, 17], [10, 18], [8, 19]]
[8, 13, 0, 0, 19, 8, 18, 17, 10, 17, 0, 13, 13, 10, 17, 10, 18, 8, 19]
[[8, 13, 0], [0, 19, 8], [17, 10], [17, 0, 13], [13, 10, 17], [8, 19]]
[8, 13, 0, 0, 19, 8, 17, 10, 17, 0, 13, 13, 10, 17, 8, 19]
[[8, 13, 0], [0, 19, 8], [17, 0, 13], [13, 17], [8, 19]]
[8, 13, 0, 0, 19, 8, 17, 0, 13, 13, 17, 8, 19]
[[8, 13, 0], [0, 19, 8], [0, 13], [8, 19]]
[8, 13, 0, 0, 19, 8, 0, 13, 8, 19]
[[8, 0], [0, 19, 8], [8, 19]]
[8, 0, 0, 19, 8, 8, 19]
[[19, 8], [8, 19]]
[19, 8, 8, 19]






















Starting Random 20
Mic: 0.0
Interaction: 0.0
Mic: 0.19439185783157678
Interaction: 0.19439185783157678
Mic: 0.2472411249539521
Interaction: 0.2472411249539521
Mic: 0.08079313589591199
Interaction: 0.08079313589591199
Mic: 0.24229218908241557
Interaction: 0.24229218908241557
Mic: 1.0000000000000009
Interaction: 1.0000000000000009
Mic: 0.29354369585251705
Interaction: 0.29354369585251705
Mic: 0.0
Interaction: 0.0
Mic: 0.08079313589591199
Interaction: 0.08079313589591199
Mic: 0.23234168251558965
Interaction: 0.23234168251558965
	|	-0.3355325283390749 --> 0.0 Accepted	|	-0.3200517534276457 --> 0.19439185783157678 Accepted	|	-0.31879848481184303 --> 0.2472411249539521 Accepted	|	-0.2517704555565101 --> 0.08079313589591199 Accepted	|	-0.2495245134631341 --> 0.24229218908241557 Accepted	|	-0.20959302844583005 --> 1.0000000000000009 Accepted	|	-0.19595989805005054 --> 0.29354369585251705 Accepted	|	-0.1694721929297507 --> 0.0 Accepted	|	-0.10721893690223983 --> 0.08079313589591199 Accepted	|	0.0 --> 0.23234168251558965 Accepted
finished Random 20
Total weight: 5.206915117707992
finished Random 20
[[1, 13, 14, 0], [0, 2, 1], [11, 1, 5, 17, 16, 2], [13, 3], [5, 4], [4, 2, 8, 5], [19, 9, 6], [19, 7], [15, 5, 8], [6, 15, 12, 9], [17, 10], [2, 18, 11], [9, 12], [0, 3, 13], [0, 14], [8, 9, 15], [2, 16], [10, 2, 17], [11, 18], [6, 7, 19]]
[1, 13, 14, 0, 0, 2, 1, 11, 1, 5, 17, 16, 2, 13, 3, 5, 4, 4, 2, 8, 5, 19, 9, 6, 19, 7, 15, 5, 8, 6, 15, 12, 9, 17, 10, 2, 18, 11, 9, 12, 0, 3, 13, 0, 14, 8, 9, 15, 2, 16, 10, 2, 17, 11, 18, 6, 7, 19]
[[1, 13, 14, 0], [0, 2, 1], [11, 1, 5, 17, 16, 2], [5, 4], [4, 2, 8, 5], [19, 9, 6], [19, 7], [15, 5, 8], [6, 15, 12, 9], [17, 10], [2, 18, 11], [9, 12], [0, 13], [0, 14], [8, 9, 15], [2, 16], [10, 2, 17], [11, 18], [6, 7, 19]]
[1, 13, 14, 0, 0, 2, 1, 11, 1, 5, 17, 16, 2, 5, 4, 4, 2, 8, 5, 19, 9, 6, 19, 7, 15, 5, 8, 6, 15, 12, 9, 17, 10, 2, 18, 11, 9, 12, 0, 13, 0, 14, 8, 9, 15, 2, 16, 10, 2, 17, 11, 18, 6, 7, 19]
[[1, 13, 14, 0], [0, 2, 1], [11, 1, 5, 17, 16, 2], [2, 8, 5], [19, 9, 6], [19, 7], [15, 5, 8], [6, 15, 12, 9], [17, 10], [2, 18, 11], [9, 12], [0, 13], [0, 14], [8, 9, 15], [2, 16], [10, 2, 17], [11, 18], [6, 7, 19]]
[1, 13, 14, 0, 0, 2, 1, 11, 1, 5, 17, 16, 2, 2, 8, 5, 19, 9, 6, 19, 7, 15, 5, 8, 6, 15, 12, 9, 17, 10, 2, 18, 11, 9, 12, 0, 13, 0, 14, 8, 9, 15, 2, 16, 10, 2, 17, 11, 18, 6, 7, 19]
[[1, 13, 14, 0], [0, 2, 1], [11, 1, 5, 17, 16, 2], [2, 8, 5], [19, 9, 6], [15, 5, 8], [6, 15, 12, 9], [17, 10], [2, 18, 11], [9, 12], [0, 13], [0, 14], [8, 9, 15], [2, 16], [10, 2, 17], [11, 18], [6, 19]]
[1, 13, 14, 0, 0, 2, 1, 11, 1, 5, 17, 16, 2, 2, 8, 5, 19, 9, 6, 15, 5, 8, 6, 15, 12, 9, 17, 10, 2, 18, 11, 9, 12, 0, 13, 0, 14, 8, 9, 15, 2, 16, 10, 2, 17, 11, 18, 6, 19]
[[1, 13, 14, 0], [0, 2, 1], [11, 1, 5, 17, 16, 2], [2, 8, 5], [19, 9, 6], [15, 5, 8], [6, 15, 12, 9], [2, 18, 11], [9, 12], [0, 13], [0, 14], [8, 9, 15], [2, 16], [2, 17], [11, 18], [6, 19]]
[1, 13, 14, 0, 0, 2, 1, 11, 1, 5, 17, 16, 2, 2, 8, 5, 19, 9, 6, 15, 5, 8, 6, 15, 12, 9, 2, 18, 11, 9, 12, 0, 13, 0, 14, 8, 9, 15, 2, 16, 2, 17, 11, 18, 6, 19]
[[1, 13, 14, 0], [0, 2, 1], [11, 1, 5, 17, 16, 2], [2, 8, 5], [19, 9, 6], [15, 5, 8], [6, 15, 9], [2, 18, 11], [0, 13], [0, 14], [8, 9, 15], [2, 16], [2, 17], [11, 18], [6, 19]]
[1, 13, 14, 0, 0, 2, 1, 11, 1, 5, 17, 16, 2, 2, 8, 5, 19, 9, 6, 15, 5, 8, 6, 15, 9, 2, 18, 11, 0, 13, 0, 14, 8, 9, 15, 2, 16, 2, 17, 11, 18, 6, 19]
[[1, 14, 0], [0, 2, 1], [11, 1, 5, 17, 16, 2], [2, 8, 5], [19, 9, 6], [15, 5, 8], [6, 15, 9], [2, 18, 11], [0, 14], [8, 9, 15], [2, 16], [2, 17], [11, 18], [6, 19]]
[1, 14, 0, 0, 2, 1, 11, 1, 5, 17, 16, 2, 2, 8, 5, 19, 9, 6, 15, 5, 8, 6, 15, 9, 2, 18, 11, 0, 14, 8, 9, 15, 2, 16, 2, 17, 11, 18, 6, 19]
[[1, 0], [0, 2, 1], [11, 1, 5, 17, 16, 2], [2, 8, 5], [19, 9, 6], [15, 5, 8], [6, 15, 9], [2, 18, 11], [8, 9, 15], [2, 16], [2, 17], [11, 18], [6, 19]]
[1, 0, 0, 2, 1, 11, 1, 5, 17, 16, 2, 2, 8, 5, 19, 9, 6, 15, 5, 8, 6, 15, 9, 2, 18, 11, 8, 9, 15, 2, 16, 2, 17, 11, 18, 6, 19]
[[2, 1], [11, 1, 5, 17, 16, 2], [2, 8, 5], [19, 9, 6], [15, 5, 8], [6, 15, 9], [2, 18, 11], [8, 9, 15], [2, 16], [2, 17], [11, 18], [6, 19]]
[2, 1, 11, 1, 5, 17, 16, 2, 2, 8, 5, 19, 9, 6, 15, 5, 8, 6, 15, 9, 2, 18, 11, 8, 9, 15, 2, 16, 2, 17, 11, 18, 6, 19]
[[11, 5, 17, 16, 2], [2, 8, 5], [19, 9, 6], [15, 5, 8], [6, 15, 9], [2, 18, 11], [8, 9, 15], [2, 16], [2, 17], [11, 18], [6, 19]]
[11, 5, 17, 16, 2, 2, 8, 5, 19, 9, 6, 15, 5, 8, 6, 15, 9, 2, 18, 11, 8, 9, 15, 2, 16, 2, 17, 11, 18, 6, 19]
[[11, 5, 17, 2], [2, 8, 5], [19, 9, 6], [15, 5, 8], [6, 15, 9], [2, 18, 11], [8, 9, 15], [2, 17], [11, 18], [6, 19]]
[11, 5, 17, 2, 2, 8, 5, 19, 9, 6, 15, 5, 8, 6, 15, 9, 2, 18, 11, 8, 9, 15, 2, 17, 11, 18, 6, 19]
[[11, 5, 2], [2, 8, 5], [19, 9, 6], [15, 5, 8], [6, 15, 9], [2, 18, 11], [8, 9, 15], [11, 18], [6, 19]]
[11, 5, 2, 2, 8, 5, 19, 9, 6, 15, 5, 8, 6, 15, 9, 2, 18, 11, 8, 9, 15, 11, 18, 6, 19]
[[11, 5, 2], [2, 8, 5], [19, 9, 6], [15, 5, 8], [6, 15, 9], [2, 11], [8, 9, 15], [6, 19]]
[11, 5, 2, 2, 8, 5, 19, 9, 6, 15, 5, 8, 6, 15, 9, 2, 11, 8, 9, 15, 6, 19]
[[5, 2], [2, 8, 5], [19, 9, 6], [15, 5, 8], [6, 15, 9], [8, 9, 15], [6, 19]]
[5, 2, 2, 8, 5, 19, 9, 6, 15, 5, 8, 6, 15, 9, 8, 9, 15, 6, 19]
[[8, 5], [19, 9, 6], [15, 5, 8], [6, 15, 9], [8, 9, 15], [6, 19]]
[8, 5, 19, 9, 6, 15, 5, 8, 6, 15, 9, 8, 9, 15, 6, 19]
[[19, 9, 6], [15, 8], [6, 15, 9], [8, 9, 15], [6, 19]]
[19, 9, 6, 15, 8, 6, 15, 9, 8, 9, 15, 6, 19]
[[19, 9, 6], [6, 15, 9], [9, 15], [6, 19]]
[19, 9, 6, 6, 15, 9, 9, 15, 6, 19]
[[19, 9, 6], [6, 9], [6, 19]]
[19, 9, 6, 6, 9, 6, 19]
[[19, 6], [6, 19]]
[19, 6, 6, 19]






















Starting Random 40
Mic: 0.0
Interaction: 0.0
Mic: 0.0
Interaction: 0.0
Mic: 0.701904120659819
Interaction: 0.701904120659819
Mic: 0.23539939830030937
Interaction: 0.23539939830030937
Mic: 0.46381955342016085
Interaction: 0.46381955342016085
Mic: 0.0
Interaction: 0.0
Mic: 0.08079313589591199
Interaction: 0.08079313589591199
Mic: 0.0
Interaction: 0.0
Mic: 0.0
Interaction: 0.0
Mic: 0.08079313589591199
Interaction: 0.08079313589591199
Mic: 0.08079313589591199
Interaction: 0.08079313589591199
Mic: 0.08079313589591199
Interaction: 0.08079313589591199
Mic: 0.08079313589591199
Interaction: 0.08079313589591199
Interaction: 0.08079313589591199
Mic: 0.0
Interaction: 0.0
Mic: 0.0
Interaction: 0.0
Mic: 0.0
Interaction: 0.0
Mic: 0.08079313589591199
Interaction: 0.08079313589591199
Mic: 0.08079313589591199
Interaction: 0.08079313589591199
Mic: 0.08079313589591199
Interaction: 0.08079313589591199
	|	0.0 --> 0.0 Rejected	|	0.0 --> 0.0 Rejected	|	0.0 --> 0.701904120659819 Accepted	|	0.0 --> 0.23539939830030937 Accepted	|	0.0 --> 0.46381955342016085 Accepted	|	0.08079313589591199 --> 0.0 Rejected	|	0.08079313589591199 --> 0.08079313589591199 Rejected	|	0.08079313589591199 --> 0.0 Rejected	|	0.08079313589591199 --> 0.0 Rejected	|	0.08079313589591199 --> 0.08079313589591199 Rejected	|	0.08079313589591199 --> 0.08079313589591199 Rejected	|	0.08079313589591199 --> 0.08079313589591199 Rejected	|	0.08079313589591199 --> 0.08079313589591199 Rejected	|	0.08079313589591199 --> 0.08079313589591199 Rejected	|	0.08079313589591199 --> 0.0 Rejected	|	0.08079313589591199 --> 0.0 Rejected	|	0.08079313589591199 --> 0.0 Rejected	|	0.08079313589591199 --> 0.08079313589591199 Rejected	|	0.08079313589591199 --> 0.08079313589591199 Rejected	|	0.08079313589591199 --> 0.08079313589591199 Rejected
finished Random 40
Total weight: 6.608038190088281
finished Random 40
[[1, 9, 14, 13, 0], [0, 2, 1], [11, 1, 5, 17, 16, 2], [6, 3], [5, 4], [4, 2, 8, 5], [19, 9, 3, 6], [19, 7], [5, 8], [6, 15, 12, 0, 18, 9], [17, 10], [2, 11], [9, 12], [0, 13], [0, 14], [9, 15], [2, 16], [10, 2, 17], [9, 18], [6, 7, 19]]
[1, 9, 14, 13, 0, 0, 2, 1, 11, 1, 5, 17, 16, 2, 6, 3, 5, 4, 4, 2, 8, 5, 19, 9, 3, 6, 19, 7, 5, 8, 6, 15, 12, 0, 18, 9, 17, 10, 2, 11, 9, 12, 0, 13, 0, 14, 9, 15, 2, 16, 10, 2, 17, 9, 18, 6, 7, 19]
[[1, 9, 14, 13, 0], [0, 2, 1], [11, 1, 5, 17, 16, 2], [5, 4], [4, 2, 8, 5], [19, 9, 6], [19, 7], [5, 8], [6, 15, 12, 0, 18, 9], [17, 10], [2, 11], [9, 12], [0, 13], [0, 14], [9, 15], [2, 16], [10, 2, 17], [9, 18], [6, 7, 19]]
[1, 9, 14, 13, 0, 0, 2, 1, 11, 1, 5, 17, 16, 2, 5, 4, 4, 2, 8, 5, 19, 9, 6, 19, 7, 5, 8, 6, 15, 12, 0, 18, 9, 17, 10, 2, 11, 9, 12, 0, 13, 0, 14, 9, 15, 2, 16, 10, 2, 17, 9, 18, 6, 7, 19]
[[1, 9, 14, 13, 0], [0, 2, 1], [11, 1, 5, 17, 16, 2], [2, 8, 5], [19, 9, 6], [19, 7], [5, 8], [6, 15, 12, 0, 18, 9], [17, 10], [2, 11], [9, 12], [0, 13], [0, 14], [9, 15], [2, 16], [10, 2, 17], [9, 18], [6, 7, 19]]
[1, 9, 14, 13, 0, 0, 2, 1, 11, 1, 5, 17, 16, 2, 2, 8, 5, 19, 9, 6, 19, 7, 5, 8, 6, 15, 12, 0, 18, 9, 17, 10, 2, 11, 9, 12, 0, 13, 0, 14, 9, 15, 2, 16, 10, 2, 17, 9, 18, 6, 7, 19]
[[1, 9, 14, 13, 0], [0, 2, 1], [11, 1, 5, 17, 16, 2], [2, 8, 5], [19, 9, 6], [5, 8], [6, 15, 12, 0, 18, 9], [17, 10], [2, 11], [9, 12], [0, 13], [0, 14], [9, 15], [2, 16], [10, 2, 17], [9, 18], [6, 19]]
[1, 9, 14, 13, 0, 0, 2, 1, 11, 1, 5, 17, 16, 2, 2, 8, 5, 19, 9, 6, 5, 8, 6, 15, 12, 0, 18, 9, 17, 10, 2, 11, 9, 12, 0, 13, 0, 14, 9, 15, 2, 16, 10, 2, 17, 9, 18, 6, 19]
[[1, 9, 14, 13, 0], [0, 2, 1], [11, 1, 5, 17, 16, 2], [2, 5], [19, 9, 6], [6, 15, 12, 0, 18, 9], [17, 10], [2, 11], [9, 12], [0, 13], [0, 14], [9, 15], [2, 16], [10, 2, 17], [9, 18], [6, 19]]
[1, 9, 14, 13, 0, 0, 2, 1, 11, 1, 5, 17, 16, 2, 2, 5, 19, 9, 6, 6, 15, 12, 0, 18, 9, 17, 10, 2, 11, 9, 12, 0, 13, 0, 14, 9, 15, 2, 16, 10, 2, 17, 9, 18, 6, 19]
[[1, 9, 14, 13, 0], [0, 2, 1], [11, 1, 17, 16, 2], [19, 9, 6], [6, 15, 12, 0, 18, 9], [17, 10], [2, 11], [9, 12], [0, 13], [0, 14], [9, 15], [2, 16], [10, 2, 17], [9, 18], [6, 19]]
[1, 9, 14, 13, 0, 0, 2, 1, 11, 1, 17, 16, 2, 19, 9, 6, 6, 15, 12, 0, 18, 9, 17, 10, 2, 11, 9, 12, 0, 13, 0, 14, 9, 15, 2, 16, 10, 2, 17, 9, 18, 6, 19]
[[1, 9, 14, 13, 0], [0, 2, 1], [11, 1, 17, 16, 2], [19, 9, 6], [6, 15, 12, 0, 18, 9], [2, 11], [9, 12], [0, 13], [0, 14], [9, 15], [2, 16], [2, 17], [9, 18], [6, 19]]
[1, 9, 14, 13, 0, 0, 2, 1, 11, 1, 17, 16, 2, 19, 9, 6, 6, 15, 12, 0, 18, 9, 2, 11, 9, 12, 0, 13, 0, 14, 9, 15, 2, 16, 2, 17, 9, 18, 6, 19]
[[1, 9, 14, 13, 0], [0, 2, 1], [1, 17, 16, 2], [19, 9, 6], [6, 15, 12, 0, 18, 9], [9, 12], [0, 13], [0, 14], [9, 15], [2, 16], [2, 17], [9, 18], [6, 19]]
[1, 9, 14, 13, 0, 0, 2, 1, 1, 17, 16, 2, 19, 9, 6, 6, 15, 12, 0, 18, 9, 9, 12, 0, 13, 0, 14, 9, 15, 2, 16, 2, 17, 9, 18, 6, 19]
[[1, 9, 14, 13, 0], [0, 2, 1], [1, 17, 16, 2], [19, 9, 6], [6, 15, 0, 18, 9], [0, 13], [0, 14], [9, 15], [2, 16], [2, 17], [9, 18], [6, 19]]
[1, 9, 14, 13, 0, 0, 2, 1, 1, 17, 16, 2, 19, 9, 6, 6, 15, 0, 18, 9, 0, 13, 0, 14, 9, 15, 2, 16, 2, 17, 9, 18, 6, 19]
[[1, 9, 14, 0], [0, 2, 1], [1, 17, 16, 2], [19, 9, 6], [6, 15, 0, 18, 9], [0, 14], [9, 15], [2, 16], [2, 17], [9, 18], [6, 19]]
[1, 9, 14, 0, 0, 2, 1, 1, 17, 16, 2, 19, 9, 6, 6, 15, 0, 18, 9, 0, 14, 9, 15, 2, 16, 2, 17, 9, 18, 6, 19]
[[1, 9, 0], [0, 2, 1], [1, 17, 16, 2], [19, 9, 6], [6, 15, 0, 18, 9], [9, 15], [2, 16], [2, 17], [9, 18], [6, 19]]
[1, 9, 0, 0, 2, 1, 1, 17, 16, 2, 19, 9, 6, 6, 15, 0, 18, 9, 9, 15, 2, 16, 2, 17, 9, 18, 6, 19]
[[1, 9, 0], [0, 2, 1], [1, 17, 16, 2], [19, 9, 6], [6, 0, 18, 9], [2, 16], [2, 17], [9, 18], [6, 19]]
[1, 9, 0, 0, 2, 1, 1, 17, 16, 2, 19, 9, 6, 6, 0, 18, 9, 2, 16, 2, 17, 9, 18, 6, 19]
[[1, 9, 0], [0, 2, 1], [1, 17, 2], [19, 9, 6], [6, 0, 18, 9], [2, 17], [9, 18], [6, 19]]
[1, 9, 0, 0, 2, 1, 1, 17, 2, 19, 9, 6, 6, 0, 18, 9, 2, 17, 9, 18, 6, 19]
[[1, 9, 0], [0, 2, 1], [1, 2], [19, 9, 6], [6, 0, 18, 9], [9, 18], [6, 19]]
[1, 9, 0, 0, 2, 1, 1, 2, 19, 9, 6, 6, 0, 18, 9, 9, 18, 6, 19]
[[1, 9, 0], [0, 1], [19, 9, 6], [6, 0, 18, 9], [9, 18], [6, 19]]
[1, 9, 0, 0, 1, 19, 9, 6, 6, 0, 18, 9, 9, 18, 6, 19]
[[9, 0], [19, 9, 6], [6, 0, 18, 9], [9, 18], [6, 19]]
[9, 0, 19, 9, 6, 6, 0, 18, 9, 9, 18, 6, 19]
[[19, 9, 6], [6, 18, 9], [9, 18], [6, 19]]
[19, 9, 6, 6, 18, 9, 9, 18, 6, 19]
[[19, 9, 6], [6, 9], [6, 19]]
[19, 9, 6, 6, 9, 6, 19]
[[19, 6], [6, 19]]
[19, 6, 6, 19]






















Starting Random 240
Interaction: 0.08079313589591199
Mic: 0.0
Interaction: 0.0
Mic: 0.0
Interaction: 0.0
Mic: 0.08079313589591199
Interaction: 0.08079313589591199
Mic: 0.08079313589591199
Interaction: 0.08079313589591199
Mic: 0.08079313589591199
Interaction: 0.08079313589591199
Mic: 0.08079313589591199
Interaction: 0.08079313589591199
Mic: 0.08079313589591199
Interaction: 0.08079313589591199
Interaction: 0.08079313589591199
Mic: 0.0
Interaction: 0.0
Interaction: 0.08079313589591199
Interaction: 0.08079313589591199
Interaction: 0.08079313589591199
Mic: 0.0
Interaction: 0.0
Interaction: 0.08079313589591199
Interaction: 0.08079313589591199
Interaction: 0.08079313589591199
Interaction: 0.08079313589591199
Mic: 0.0
Interaction: 0.0
Interaction: 0.08079313589591199
Mic: 0.08079313589591199
Interaction: 0.08079313589591199
Interaction: 0.08079313589591199
Mic: 0.08079313589591199
Interaction: 0.08079313589591199
Mic: 0.08079313589591199
Interaction: 0.08079313589591199
Interaction: 0.08079313589591199
Mic: 0.08079313589591199
Interaction: 0.08079313589591199
Mic: 0.0
Interaction: 0.0
Mic: 0.0
Interaction: 0.0
Mic: 0.0
Interaction: 0.0
Interaction: 0.08079313589591199
Mic: 0.0
Interaction: 0.0
Interaction: 0.08079313589591199
Mic: 0.08079313589591199
Interaction: 0.08079313589591199
Mic: 0.08079313589591199
Interaction: 0.08079313589591199
Interaction: 0.08079313589591199
Interaction: 0.08079313589591199
Interaction: 0.08079313589591199
Interaction: 0.08079313589591199
Interaction: 0.08079313589591199
Interaction: 0.08079313589591199
Interaction: 0.08079313589591199
Interaction: 0.08079313589591199
Interaction: 0.08079313589591199
Mic: 0.08079313589591199
Interaction: 0.08079313589591199
Mic: 0.08079313589591199
Interaction: 0.08079313589591199
Interaction: 0.08079313589591199
Mic: 0.08079313589591199
Interaction: 0.08079313589591199
Interaction: 0.08079313589591199
Interaction: 0.08079313589591199
Interaction: 0.08079313589591199
Interaction: 0.08079313589591199
Interaction: 0.08079313589591199
Interaction: 0.08079313589591199
Interaction: 0.08079313589591199
Mic: 0.08079313589591199
Interaction: 0.08079313589591199
Interaction: 0.08079313589591199
Interaction: 0.08079313589591199
Mic: 0.0
Interaction: 0.0
Interaction: 0.08079313589591199
Mic: 0.08079313589591199
Interaction: 0.08079313589591199
Interaction: 0.08079313589591199
Interaction: 0.08079313589591199
Interaction: 0.08079313589591199
Interaction: 0.08079313589591199
Interaction: 0.08079313589591199
Mic: 0.08079313589591199
Interaction: 0.08079313589591199
Interaction: 0.08079313589591199
Interaction: 0.08079313589591199
Mic: 0.0
Interaction: 0.0
Mic: 0.0
Interaction: 0.0
Interaction: 0.08079313589591199
Interaction: 0.08079313589591199
Interaction: 0.08079313589591199
Mic: 0.0
Interaction: 0.0
Mic: 0.0
Interaction: 0.0
Mic: 0.0
Interaction: 0.0
Interaction: 0.08079313589591199
Interaction: 0.08079313589591199
Mic: 0.0
Interaction: 0.0
Interaction: 0.08079313589591199
Mic: 0.0
Interaction: 0.0
Mic: 0.0
Interaction: 0.0
Interaction: 0.08079313589591199
Interaction: 0.08079313589591199
Mic: 0.0
Interaction: 0.0
Interaction: 0.08079313589591199
Interaction: 0.08079313589591199
Mic: 0.0
Interaction: 0.0
Mic: 0.0
Interaction: 0.0
Interaction: 0.08079313589591199
Interaction: 0.08079313589591199
Interaction: 0.08079313589591199
Interaction: 0.08079313589591199
Interaction: 0.08079313589591199
Interaction: 0.08079313589591199
Interaction: 0.08079313589591199
Interaction: 0.08079313589591199
Mic: 0.0
Interaction: 0.0
Mic: 0.08079313589591199
Interaction: 0.08079313589591199
Interaction: 0.08079313589591199
Mic: 0.0
Interaction: 0.0
Interaction: 0.08079313589591199
Interaction: 0.08079313589591199
Interaction: 0.08079313589591199
Interaction: 0.08079313589591199
Interaction: 0.08079313589591199
Interaction: 0.08079313589591199
Interaction: 0.08079313589591199
Interaction: 0.08079313589591199
Interaction: 0.08079313589591199
Interaction: 0.08079313589591199
Interaction: 0.08079313589591199
Interaction: 0.08079313589591199
Interaction: 0.08079313589591199
Interaction: 0.08079313589591199
Interaction: 0.08079313589591199
Interaction: 0.08079313589591199
Interaction: 0.08079313589591199
Interaction: 0.08079313589591199
Interaction: 0.08079313589591199
Interaction: 0.08079313589591199
Mic: 0.0
Interaction: 0.0
Mic: 0.0
Interaction: 0.0
Interaction: 0.08079313589591199
Mic: 0.0
Interaction: 0.0
Mic: 0.0
Interaction: 0.0
Interaction: 0.08079313589591199
Mic: 0.0
Interaction: 0.0
Interaction: 0.08079313589591199
Interaction: 0.08079313589591199
Interaction: 0.08079313589591199
Interaction: 0.08079313589591199
Interaction: 0.08079313589591199
Interaction: 0.08079313589591199
Interaction: 0.08079313589591199
Interaction: 0.08079313589591199
Interaction: 0.08079313589591199
Mic: 0.0
Interaction: 0.0
Mic: 0.0
Interaction: 0.0
Interaction: 0.08079313589591199
Interaction: 0.08079313589591199
Mic: 0.0
Interaction: 0.0
Interaction: 0.08079313589591199
Interaction: 0.08079313589591199
Mic: 0.0
Interaction: 0.0
Interaction: 0.08079313589591199
Interaction: 0.08079313589591199
Interaction: 0.08079313589591199
Interaction: 0.08079313589591199
Mic: 0.0
Interaction: 0.0
Interaction: 0.08079313589591199
Interaction: 0.08079313589591199
Interaction: 0.08079313589591199
Interaction: 0.08079313589591199
Interaction: 0.08079313589591199
Mic: 0.0
Interaction: 0.0
Mic: 0.0
Interaction: 0.0
Mic: 0.0
Interaction: 0.0
Mic: 0.0
Interaction: 0.0
Interaction: 0.08079313589591199
Interaction: 0.08079313589591199
Interaction: 0.08079313589591199
Interaction: 0.08079313589591199
Mic: 0.0
Interaction: 0.0
Interaction: 0.08079313589591199
Interaction: 0.08079313589591199
Mic: 0.0
Interaction: 0.0
Mic: 0.0
Interaction: 0.0
Mic: 0.0
Interaction: 0.0
Mic: 0.0
Interaction: 0.0
Mic: 0.0
Interaction: 0.0
Interaction: 0.08079313589591199
Interaction: 0.08079313589591199
Mic: 0.0
Interaction: 0.0
Interaction: 0.08079313589591199
Mic: 0.0
Interaction: 0.0
Interaction: 0.08079313589591199
Mic: 0.0
Interaction: 0.0
Mic: 0.0
Interaction: 0.0
Interaction: 0.08079313589591199
Interaction: 0.08079313589591199
Interaction: 0.08079313589591199
Interaction: 0.08079313589591199
Mic: 0.0
Interaction: 0.0
Interaction: 0.08079313589591199
Interaction: 0.08079313589591199
Mic: 0.0
Interaction: 0.0
Interaction: 0.08079313589591199
Mic: 0.0
Interaction: 0.0
Interaction: 0.08079313589591199
Interaction: 0.08079313589591199
Interaction: 0.08079313589591199
Interaction: 0.08079313589591199
Mic: 0.0
Interaction: 0.0
Interaction: 0.08079313589591199
Interaction: 0.08079313589591199
Interaction: 0.08079313589591199
Interaction: 0.08079313589591199
Mic: 0.0
Interaction: 0.0
Interaction: 0.08079313589591199
	|	0.08079313589591199 --> 0.08079313589591199 Rejected	|	0.08079313589591199 --> 0.0 Rejected	|	0.08079313589591199 --> 0.0 Rejected	|	0.08079313589591199 --> 0.08079313589591199 Rejected	|	0.08079313589591199 --> 0.08079313589591199 Rejected	|	0.08079313589591199 --> 0.08079313589591199 Rejected	|	0.08079313589591199 --> 0.08079313589591199 Rejected	|	0.08079313589591199 --> 0.08079313589591199 Rejected	|	0.08079313589591199 --> 0.08079313589591199 Rejected	|	0.08079313589591199 --> 0.0 Rejected	|	0.08079313589591199 --> 0.08079313589591199 Rejected	|	0.08079313589591199 --> 0.08079313589591199 Rejected	|	0.08079313589591199 --> 0.08079313589591199 Rejected	|	0.08079313589591199 --> 0.0 Rejected	|	0.08079313589591199 --> 0.08079313589591199 Rejected	|	0.08079313589591199 --> 0.08079313589591199 Rejected	|	0.08079313589591199 --> 0.08079313589591199 Rejected	|	0.08079313589591199 --> 0.08079313589591199 Rejected	|	0.08079313589591199 --> 0.0 Rejected	|	0.08079313589591199 --> 0.08079313589591199 Rejected	|	0.08079313589591199 --> 0.08079313589591199 Rejected	|	0.08079313589591199 --> 0.08079313589591199 Rejected	|	0.08079313589591199 --> 0.08079313589591199 Rejected	|	0.08079313589591199 --> 0.08079313589591199 Rejected	|	0.08079313589591199 --> 0.08079313589591199 Rejected	|	0.08079313589591199 --> 0.08079313589591199 Rejected	|	0.08079313589591199 --> 0.0 Rejected	|	0.08079313589591199 --> 0.0 Rejected	|	0.08079313589591199 --> 0.0 Rejected	|	0.08079313589591199 --> 0.08079313589591199 Rejected	|	0.08079313589591199 --> 0.0 Rejected	|	0.08079313589591199 --> 0.08079313589591199 Rejected	|	0.08079313589591199 --> 0.08079313589591199 Rejected	|	0.08079313589591199 --> 0.08079313589591199 Rejected	|	0.08079313589591199 --> 0.08079313589591199 Rejected	|	0.08079313589591199 --> 0.08079313589591199 Rejected	|	0.08079313589591199 --> 0.08079313589591199 Rejected	|	0.08079313589591199 --> 0.08079313589591199 Rejected	|	0.08079313589591199 --> 0.08079313589591199 Rejected	|	0.08079313589591199 --> 0.08079313589591199 Rejected	|	0.08079313589591199 --> 0.08079313589591199 Rejected	|	0.08079313589591199 --> 0.08079313589591199 Rejected	|	0.08079313589591199 --> 0.08079313589591199 Rejected	|	0.08079313589591199 --> 0.08079313589591199 Rejected	|	0.08079313589591199 --> 0.08079313589591199 Rejected	|	0.08079313589591199 --> 0.08079313589591199 Rejected	|	0.08079313589591199 --> 0.08079313589591199 Rejected	|	0.08079313589591199 --> 0.08079313589591199 Rejected	|	0.08079313589591199 --> 0.08079313589591199 Rejected	|	0.08079313589591199 --> 0.08079313589591199 Rejected	|	0.08079313589591199 --> 0.08079313589591199 Rejected	|	0.08079313589591199 --> 0.08079313589591199 Rejected	|	0.08079313589591199 --> 0.08079313589591199 Rejected	|	0.08079313589591199 --> 0.08079313589591199 Rejected	|	0.08079313589591199 --> 0.08079313589591199 Rejected	|	0.08079313589591199 --> 0.08079313589591199 Rejected	|	0.08079313589591199 --> 0.08079313589591199 Rejected	|	0.08079313589591199 --> 0.0 Rejected	|	0.08079313589591199 --> 0.08079313589591199 Rejected	|	0.08079313589591199 --> 0.08079313589591199 Rejected	|	0.08079313589591199 --> 0.08079313589591199 Rejected	|	0.08079313589591199 --> 0.08079313589591199 Rejected	|	0.08079313589591199 --> 0.08079313589591199 Rejected	|	0.08079313589591199 --> 0.08079313589591199 Rejected	|	0.08079313589591199 --> 0.08079313589591199 Rejected	|	0.08079313589591199 --> 0.08079313589591199 Rejected	|	0.08079313589591199 --> 0.08079313589591199 Rejected	|	0.08079313589591199 --> 0.08079313589591199 Rejected	|	0.08079313589591199 --> 0.0 Rejected	|	0.08079313589591199 --> 0.0 Rejected	|	0.08079313589591199 --> 0.08079313589591199 Rejected	|	0.08079313589591199 --> 0.08079313589591199 Rejected	|	0.08079313589591199 --> 0.08079313589591199 Rejected	|	0.08079313589591199 --> 0.0 Rejected	|	0.08079313589591199 --> 0.0 Rejected	|	0.08079313589591199 --> 0.0 Rejected	|	0.08079313589591199 --> 0.08079313589591199 Rejected	|	0.08079313589591199 --> 0.08079313589591199 Rejected	|	0.08079313589591199 --> 0.0 Rejected	|	0.08079313589591199 --> 0.08079313589591199 Rejected	|	0.08079313589591199 --> 0.0 Rejected	|	0.08079313589591199 --> 0.0 Rejected	|	0.08079313589591199 --> 0.08079313589591199 Rejected	|	0.08079313589591199 --> 0.08079313589591199 Rejected	|	0.08079313589591199 --> 0.0 Rejected	|	0.08079313589591199 --> 0.08079313589591199 Rejected	|	0.08079313589591199 --> 0.08079313589591199 Rejected	|	0.08079313589591199 --> 0.0 Rejected	|	0.08079313589591199 --> 0.0 Rejected	|	0.08079313589591199 --> 0.08079313589591199 Rejected	|	0.08079313589591199 --> 0.08079313589591199 Rejected	|	0.08079313589591199 --> 0.08079313589591199 Rejected	|	0.08079313589591199 --> 0.08079313589591199 Rejected	|	0.08079313589591199 --> 0.08079313589591199 Rejected	|	0.08079313589591199 --> 0.08079313589591199 Rejected	|	0.08079313589591199 --> 0.08079313589591199 Rejected	|	0.08079313589591199 --> 0.08079313589591199 Rejected	|	0.08079313589591199 --> 0.0 Rejected	|	0.08079313589591199 --> 0.08079313589591199 Rejected	|	0.08079313589591199 --> 0.08079313589591199 Rejected	|	0.08079313589591199 --> 0.0 Rejected	|	0.08079313589591199 --> 0.08079313589591199 Rejected	|	0.08079313589591199 --> 0.08079313589591199 Rejected	|	0.08079313589591199 --> 0.08079313589591199 Rejected	|	0.08079313589591199 --> 0.08079313589591199 Rejected	|	0.08079313589591199 --> 0.08079313589591199 Rejected	|	0.08079313589591199 --> 0.08079313589591199 Rejected	|	0.08079313589591199 --> 0.08079313589591199 Rejected	|	0.08079313589591199 --> 0.08079313589591199 Rejected	|	0.08079313589591199 --> 0.08079313589591199 Rejected	|	0.08079313589591199 --> 0.08079313589591199 Rejected	|	0.08079313589591199 --> 0.08079313589591199 Rejected	|	0.08079313589591199 --> 0.08079313589591199 Rejected	|	0.08079313589591199 --> 0.08079313589591199 Rejected	|	0.08079313589591199 --> 0.08079313589591199 Rejected	|	0.08079313589591199 --> 0.08079313589591199 Rejected	|	0.08079313589591199 --> 0.08079313589591199 Rejected	|	0.08079313589591199 --> 0.08079313589591199 Rejected	|	0.08079313589591199 --> 0.08079313589591199 Rejected	|	0.08079313589591199 --> 0.08079313589591199 Rejected	|	0.08079313589591199 --> 0.08079313589591199 Rejected	|	0.08079313589591199 --> 0.0 Rejected	|	0.08079313589591199 --> 0.0 Rejected	|	0.08079313589591199 --> 0.08079313589591199 Rejected	|	0.08079313589591199 --> 0.0 Rejected	|	0.08079313589591199 --> 0.0 Rejected	|	0.08079313589591199 --> 0.08079313589591199 Rejected	|	0.08079313589591199 --> 0.0 Rejected	|	0.08079313589591199 --> 0.08079313589591199 Rejected	|	0.08079313589591199 --> 0.08079313589591199 Rejected	|	0.08079313589591199 --> 0.08079313589591199 Rejected	|	0.08079313589591199 --> 0.08079313589591199 Rejected	|	0.08079313589591199 --> 0.08079313589591199 Rejected	|	0.08079313589591199 --> 0.08079313589591199 Rejected	|	0.08079313589591199 --> 0.08079313589591199 Rejected	|	0.08079313589591199 --> 0.08079313589591199 Rejected	|	0.08079313589591199 --> 0.08079313589591199 Rejected	|	0.08079313589591199 --> 0.0 Rejected	|	0.08079313589591199 --> 0.0 Rejected	|	0.08079313589591199 --> 0.08079313589591199 Rejected	|	0.08079313589591199 --> 0.08079313589591199 Rejected	|	0.08079313589591199 --> 0.0 Rejected	|	0.08079313589591199 --> 0.08079313589591199 Rejected	|	0.08079313589591199 --> 0.08079313589591199 Rejected	|	0.08079313589591199 --> 0.0 Rejected	|	0.08079313589591199 --> 0.08079313589591199 Rejected	|	0.08079313589591199 --> 0.08079313589591199 Rejected	|	0.08079313589591199 --> 0.08079313589591199 Rejected	|	0.08079313589591199 --> 0.08079313589591199 Rejected	|	0.08079313589591199 --> 0.0 Rejected	|	0.08079313589591199 --> 0.08079313589591199 Rejected	|	0.08079313589591199 --> 0.08079313589591199 Rejected	|	0.08079313589591199 --> 0.08079313589591199 Rejected	|	0.08079313589591199 --> 0.08079313589591199 Rejected	|	0.08079313589591199 --> 0.08079313589591199 Rejected	|	0.08079313589591199 --> 0.0 Rejected	|	0.08079313589591199 --> 0.0 Rejected	|	0.08079313589591199 --> 0.0 Rejected	|	0.08079313589591199 --> 0.0 Rejected	|	0.08079313589591199 --> 0.08079313589591199 Rejected	|	0.08079313589591199 --> 0.08079313589591199 Rejected	|	0.08079313589591199 --> 0.08079313589591199 Rejected	|	0.08079313589591199 --> 0.08079313589591199 Rejected	|	0.08079313589591199 --> 0.0 Rejected	|	0.08079313589591199 --> 0.08079313589591199 Rejected	|	0.08079313589591199 --> 0.08079313589591199 Rejected	|	0.08079313589591199 --> 0.0 Rejected	|	0.08079313589591199 --> 0.0 Rejected	|	0.08079313589591199 --> 0.0 Rejected	|	0.08079313589591199 --> 0.0 Rejected	|	0.08079313589591199 --> 0.0 Rejected	|	0.08079313589591199 --> 0.08079313589591199 Rejected	|	0.08079313589591199 --> 0.08079313589591199 Rejected	|	0.08079313589591199 --> 0.0 Rejected	|	0.08079313589591199 --> 0.08079313589591199 Rejected	|	0.08079313589591199 --> 0.0 Rejected	|	0.08079313589591199 --> 0.08079313589591199 Rejected	|	0.08079313589591199 --> 0.0 Rejected	|	0.08079313589591199 --> 0.0 Rejected	|	0.08079313589591199 --> 0.08079313589591199 Rejected	|	0.08079313589591199 --> 0.08079313589591199 Rejected	|	0.08079313589591199 --> 0.08079313589591199 Rejected	|	0.08079313589591199 --> 0.08079313589591199 Rejected	|	0.08079313589591199 --> 0.0 Rejected	|	0.08079313589591199 --> 0.08079313589591199 Rejected	|	0.08079313589591199 --> 0.08079313589591199 Rejected	|	0.08079313589591199 --> 0.0 Rejected	|	0.08079313589591199 --> 0.08079313589591199 Rejected	|	0.08079313589591199 --> 0.0 Rejected	|	0.08079313589591199 --> 0.08079313589591199 Rejected	|	0.08079313589591199 --> 0.08079313589591199 Rejected	|	0.08079313589591199 --> 0.08079313589591199 Rejected	|	0.08079313589591199 --> 0.08079313589591199 Rejected	|	0.08079313589591199 --> 0.0 Rejected	|	0.08079313589591199 --> 0.08079313589591199 Rejected	|	0.08079313589591199 --> 0.08079313589591199 Rejected	|	0.08079313589591199 --> 0.08079313589591199 Rejected	|	0.08079313589591199 --> 0.08079313589591199 Rejected	|	0.08079313589591199 --> 0.0 Rejected	|	0.08079313589591199 --> 0.08079313589591199 Rejected
finished Random 240
Total weight: 6.608038190088281
finished Random 240
[[1, 9, 14, 13, 0], [0, 2, 1], [11, 1, 5, 17, 16, 2], [6, 3], [5, 4], [4, 2, 8, 5], [19, 9, 3, 6], [19, 7], [5, 8], [6, 15, 12, 0, 18, 9], [17, 10], [2, 11], [9, 12], [0, 13], [0, 14], [9, 15], [2, 16], [10, 2, 17], [9, 18], [6, 7, 19]]
[1, 9, 14, 13, 0, 0, 2, 1, 11, 1, 5, 17, 16, 2, 6, 3, 5, 4, 4, 2, 8, 5, 19, 9, 3, 6, 19, 7, 5, 8, 6, 15, 12, 0, 18, 9, 17, 10, 2, 11, 9, 12, 0, 13, 0, 14, 9, 15, 2, 16, 10, 2, 17, 9, 18, 6, 7, 19]
[[1, 9, 14, 13, 0], [0, 2, 1], [11, 1, 5, 17, 16, 2], [5, 4], [4, 2, 8, 5], [19, 9, 6], [19, 7], [5, 8], [6, 15, 12, 0, 18, 9], [17, 10], [2, 11], [9, 12], [0, 13], [0, 14], [9, 15], [2, 16], [10, 2, 17], [9, 18], [6, 7, 19]]
[1, 9, 14, 13, 0, 0, 2, 1, 11, 1, 5, 17, 16, 2, 5, 4, 4, 2, 8, 5, 19, 9, 6, 19, 7, 5, 8, 6, 15, 12, 0, 18, 9, 17, 10, 2, 11, 9, 12, 0, 13, 0, 14, 9, 15, 2, 16, 10, 2, 17, 9, 18, 6, 7, 19]
[[1, 9, 14, 13, 0], [0, 2, 1], [11, 1, 5, 17, 16, 2], [2, 8, 5], [19, 9, 6], [19, 7], [5, 8], [6, 15, 12, 0, 18, 9], [17, 10], [2, 11], [9, 12], [0, 13], [0, 14], [9, 15], [2, 16], [10, 2, 17], [9, 18], [6, 7, 19]]
[1, 9, 14, 13, 0, 0, 2, 1, 11, 1, 5, 17, 16, 2, 2, 8, 5, 19, 9, 6, 19, 7, 5, 8, 6, 15, 12, 0, 18, 9, 17, 10, 2, 11, 9, 12, 0, 13, 0, 14, 9, 15, 2, 16, 10, 2, 17, 9, 18, 6, 7, 19]
[[1, 9, 14, 13, 0], [0, 2, 1], [11, 1, 5, 17, 16, 2], [2, 8, 5], [19, 9, 6], [5, 8], [6, 15, 12, 0, 18, 9], [17, 10], [2, 11], [9, 12], [0, 13], [0, 14], [9, 15], [2, 16], [10, 2, 17], [9, 18], [6, 19]]
[1, 9, 14, 13, 0, 0, 2, 1, 11, 1, 5, 17, 16, 2, 2, 8, 5, 19, 9, 6, 5, 8, 6, 15, 12, 0, 18, 9, 17, 10, 2, 11, 9, 12, 0, 13, 0, 14, 9, 15, 2, 16, 10, 2, 17, 9, 18, 6, 19]
[[1, 9, 14, 13, 0], [0, 2, 1], [11, 1, 5, 17, 16, 2], [2, 5], [19, 9, 6], [6, 15, 12, 0, 18, 9], [17, 10], [2, 11], [9, 12], [0, 13], [0, 14], [9, 15], [2, 16], [10, 2, 17], [9, 18], [6, 19]]
[1, 9, 14, 13, 0, 0, 2, 1, 11, 1, 5, 17, 16, 2, 2, 5, 19, 9, 6, 6, 15, 12, 0, 18, 9, 17, 10, 2, 11, 9, 12, 0, 13, 0, 14, 9, 15, 2, 16, 10, 2, 17, 9, 18, 6, 19]
[[1, 9, 14, 13, 0], [0, 2, 1], [11, 1, 17, 16, 2], [19, 9, 6], [6, 15, 12, 0, 18, 9], [17, 10], [2, 11], [9, 12], [0, 13], [0, 14], [9, 15], [2, 16], [10, 2, 17], [9, 18], [6, 19]]
[1, 9, 14, 13, 0, 0, 2, 1, 11, 1, 17, 16, 2, 19, 9, 6, 6, 15, 12, 0, 18, 9, 17, 10, 2, 11, 9, 12, 0, 13, 0, 14, 9, 15, 2, 16, 10, 2, 17, 9, 18, 6, 19]
[[1, 9, 14, 13, 0], [0, 2, 1], [11, 1, 17, 16, 2], [19, 9, 6], [6, 15, 12, 0, 18, 9], [2, 11], [9, 12], [0, 13], [0, 14], [9, 15], [2, 16], [2, 17], [9, 18], [6, 19]]
[1, 9, 14, 13, 0, 0, 2, 1, 11, 1, 17, 16, 2, 19, 9, 6, 6, 15, 12, 0, 18, 9, 2, 11, 9, 12, 0, 13, 0, 14, 9, 15, 2, 16, 2, 17, 9, 18, 6, 19]
[[1, 9, 14, 13, 0], [0, 2, 1], [1, 17, 16, 2], [19, 9, 6], [6, 15, 12, 0, 18, 9], [9, 12], [0, 13], [0, 14], [9, 15], [2, 16], [2, 17], [9, 18], [6, 19]]
[1, 9, 14, 13, 0, 0, 2, 1, 1, 17, 16, 2, 19, 9, 6, 6, 15, 12, 0, 18, 9, 9, 12, 0, 13, 0, 14, 9, 15, 2, 16, 2, 17, 9, 18, 6, 19]
[[1, 9, 14, 13, 0], [0, 2, 1], [1, 17, 16, 2], [19, 9, 6], [6, 15, 0, 18, 9], [0, 13], [0, 14], [9, 15], [2, 16], [2, 17], [9, 18], [6, 19]]
[1, 9, 14, 13, 0, 0, 2, 1, 1, 17, 16, 2, 19, 9, 6, 6, 15, 0, 18, 9, 0, 13, 0, 14, 9, 15, 2, 16, 2, 17, 9, 18, 6, 19]
[[1, 9, 14, 0], [0, 2, 1], [1, 17, 16, 2], [19, 9, 6], [6, 15, 0, 18, 9], [0, 14], [9, 15], [2, 16], [2, 17], [9, 18], [6, 19]]
[1, 9, 14, 0, 0, 2, 1, 1, 17, 16, 2, 19, 9, 6, 6, 15, 0, 18, 9, 0, 14, 9, 15, 2, 16, 2, 17, 9, 18, 6, 19]
[[1, 9, 0], [0, 2, 1], [1, 17, 16, 2], [19, 9, 6], [6, 15, 0, 18, 9], [9, 15], [2, 16], [2, 17], [9, 18], [6, 19]]
[1, 9, 0, 0, 2, 1, 1, 17, 16, 2, 19, 9, 6, 6, 15, 0, 18, 9, 9, 15, 2, 16, 2, 17, 9, 18, 6, 19]
[[1, 9, 0], [0, 2, 1], [1, 17, 16, 2], [19, 9, 6], [6, 0, 18, 9], [2, 16], [2, 17], [9, 18], [6, 19]]
[1, 9, 0, 0, 2, 1, 1, 17, 16, 2, 19, 9, 6, 6, 0, 18, 9, 2, 16, 2, 17, 9, 18, 6, 19]
[[1, 9, 0], [0, 2, 1], [1, 17, 2], [19, 9, 6], [6, 0, 18, 9], [2, 17], [9, 18], [6, 19]]
[1, 9, 0, 0, 2, 1, 1, 17, 2, 19, 9, 6, 6, 0, 18, 9, 2, 17, 9, 18, 6, 19]
[[1, 9, 0], [0, 2, 1], [1, 2], [19, 9, 6], [6, 0, 18, 9], [9, 18], [6, 19]]
[1, 9, 0, 0, 2, 1, 1, 2, 19, 9, 6, 6, 0, 18, 9, 9, 18, 6, 19]
[[1, 9, 0], [0, 1], [19, 9, 6], [6, 0, 18, 9], [9, 18], [6, 19]]
[1, 9, 0, 0, 1, 19, 9, 6, 6, 0, 18, 9, 9, 18, 6, 19]
[[9, 0], [19, 9, 6], [6, 0, 18, 9], [9, 18], [6, 19]]
[9, 0, 19, 9, 6, 6, 0, 18, 9, 9, 18, 6, 19]
[[19, 9, 6], [6, 18, 9], [9, 18], [6, 19]]
[19, 9, 6, 6, 18, 9, 9, 18, 6, 19]
[[19, 9, 6], [6, 9], [6, 19]]
[19, 9, 6, 6, 9, 6, 19]
[[19, 6], [6, 19]]
[19, 6, 6, 19]






















Starting MEET IM
0.1592793450164896, 0.14517214403141887, 1.0000000000000009, 0.23110790023594519, 0.2136174885529354, 0.18764871699296526, 0.27767652576178764, 0.14144054254182073, 0.17375234485218533, 0.22707860259260879, 0.14144054254182073, 0.14144054254182073, 0.14144054254182073, 0.14144054254182073, 1.0000000000000009, 0.21518484225082574, 0.19284792278593646, 0.263361497168471, 0.20299492692665402, 0.18727970314506065, 0.10185764172235333, 0.18774137436978594, 0.18330603578325788, 0.26797444329515774, 0.10185764172235333, 0.10185764172235333, 0.10185764172235333, 0.22395976369850923, 0.10185764172235333, 0.10185764172235333, 0.10185764172235333, 0.10185764172235333, 0.10185764172235333, 0.10185764172235333, 0.20953757918790017, 1.0000000000000009, 1.0000000000000009, 0.50838883637908, 1.0000000000000009, 1.0000000000000009, 0.24069056785560097, 0.26658089923681233, 0.14144054254182073, 0.22245468580722713, 0.16723777604731696, 0.14144054254182073, 0.14144054254182073, 0.14144054254182073, 0.14144054254182073, 0.19987177034314865, 0.29270685299844695, 0.1711660845121564, 0.2417385608078302, 0.26429996045219223, 0.14144054254182073, 0.14144054254182073, 0.14144054254182073, 0.14144054254182073, 0.14144054254182073, 0.14144054254182073, 0.14144054254182073, 0.14144054254182073, 0.14144054254182073, 0.14144054254182073, 0.14144054254182073, 1.0000000000000009, 0.14144054254182073, 0.14144054254182073, 0.14144054254182073, 0.14144054254182073, 1.0000000000000009, 0.18462586369670037, 0.3201495428172058, 0.14144054254182073, 0.22698706339890906, 0.23445336386608948, 0.14144054254182073, 0.14144054254182073, 0.14144054254182073, 0.14144054254182073, 0.2201448740441339, 0.19356420113539308, 0.17714747245528245, 0.3050555419677765, 0.24948446556976261, 0.14144054254182073, 0.14144054254182073, 0.14144054254182073, 0.14144054254182073, 0.14144054254182073, 0.14144054254182073, 0.14144054254182073, 0.14144054254182073, 0.14144054254182073, 0.14144054254182073, 0.14144054254182073, 0.14144054254182073, 0.14144054254182073, 0.14144054254182073, 0.218113760429642, 0.14144054254182073, 0.20129931692767927, 1.0000000000000009, 0.14144054254182073, 0.14144054254182073, 0.14144054254182073, 0.14144054254182073, 0.18705844796947937, 0.24533241825808855, 1.0000000000000009, 0.28465221290570714, 0.289658741163681, 0.14144054254182073, 1.0000000000000009, 0.20457289385023875, 0.14144054254182073, 0.14144054254182073, 0.14144054254182073, 0.14144054254182073, 0.22388512666401814, 1.0000000000000009, 0.19911293784869225, 0.3088604398313887, 0.23516828345978597, 0.0, 0.0, 0.0, 0.0, 0.0, 0.0, 0.0, 0.0, 0.0, 0.0, 0.0, 0.2176369644924484, 0.14144054254182073, 0.14144054254182073, 0.14144054254182073, 0.14144054254182073, 0.14144054254182073, 1.0000000000000009, 0.17480704218312848, 0.34931840708811607, 0.28943474643940015, 0.14144054254182073, 0.14144054254182073, 0.14144054254182073, 0.14144054254182073, 0.20669973678392764, 0.28467946450963877, 1.0000000000000009, 0.2766216475363696, 0.2509386724328928, 0.0, 0.0, 0.0, 0.0, 0.0, 0.0, 0.0, 0.0, 0.0, 0.0, 0.0, 0.0, 0.0, 0.0, 0.0, 0.0, 0.0, 0.0, 0.0, 0.0, 0.0, 0.0, 0.0, 0.0, 0.0, 0.0, 0.21518484225082574, 0.19284792278593646, 0.263361497168471, 0.20299492692665402, 0.20983810669192107, 0.2655721542097858, 0.26989149937426893, 0.19839577513093248, 0.21820001176571194, 1.0000000000000009, finished IM
Total weight: 12.174718240157196
finished MEET
[[3, 15, 8, 11, 12, 13, 14, 0], [18, 19, 1], [4, 5, 3, 2], [0, 2, 3], [2, 7, 4], [2, 5], [10, 17, 19, 6], [9, 16, 4, 7], [0, 8], [7, 18, 9], [6, 10], [0, 11], [0, 12], [0, 13], [0, 14], [0, 15], [7, 16], [6, 17], [1, 9, 18], [1, 6, 19]]
[3, 15, 8, 11, 12, 13, 14, 0, 18, 19, 1, 4, 5, 3, 2, 0, 2, 3, 2, 7, 4, 2, 5, 10, 17, 19, 6, 9, 16, 4, 7, 0, 8, 7, 18, 9, 6, 10, 0, 11, 0, 12, 0, 13, 0, 14, 0, 15, 7, 16, 6, 17, 1, 9, 18, 1, 6, 19]
[[3, 15, 8, 11, 12, 13, 14, 0], [18, 19, 1], [4, 3, 2], [0, 2, 3], [2, 7, 4], [10, 17, 19, 6], [9, 16, 4, 7], [0, 8], [7, 18, 9], [6, 10], [0, 11], [0, 12], [0, 13], [0, 14], [0, 15], [7, 16], [6, 17], [1, 9, 18], [1, 6, 19]]
[3, 15, 8, 11, 12, 13, 14, 0, 18, 19, 1, 4, 3, 2, 0, 2, 3, 2, 7, 4, 10, 17, 19, 6, 9, 16, 4, 7, 0, 8, 7, 18, 9, 6, 10, 0, 11, 0, 12, 0, 13, 0, 14, 0, 15, 7, 16, 6, 17, 1, 9, 18, 1, 6, 19]
[[3, 15, 11, 12, 13, 14, 0], [18, 19, 1], [4, 3, 2], [0, 2, 3], [2, 7, 4], [10, 17, 19, 6], [9, 16, 4, 7], [7, 18, 9], [6, 10], [0, 11], [0, 12], [0, 13], [0, 14], [0, 15], [7, 16], [6, 17], [1, 9, 18], [1, 6, 19]]
[3, 15, 11, 12, 13, 14, 0, 18, 19, 1, 4, 3, 2, 0, 2, 3, 2, 7, 4, 10, 17, 19, 6, 9, 16, 4, 7, 7, 18, 9, 6, 10, 0, 11, 0, 12, 0, 13, 0, 14, 0, 15, 7, 16, 6, 17, 1, 9, 18, 1, 6, 19]
[[3, 15, 11, 12, 13, 14, 0], [18, 19, 1], [4, 3, 2], [0, 2, 3], [2, 7, 4], [17, 19, 6], [9, 16, 4, 7], [7, 18, 9], [0, 11], [0, 12], [0, 13], [0, 14], [0, 15], [7, 16], [6, 17], [1, 9, 18], [1, 6, 19]]
[3, 15, 11, 12, 13, 14, 0, 18, 19, 1, 4, 3, 2, 0, 2, 3, 2, 7, 4, 17, 19, 6, 9, 16, 4, 7, 7, 18, 9, 0, 11, 0, 12, 0, 13, 0, 14, 0, 15, 7, 16, 6, 17, 1, 9, 18, 1, 6, 19]
[[3, 15, 12, 13, 14, 0], [18, 19, 1], [4, 3, 2], [0, 2, 3], [2, 7, 4], [17, 19, 6], [9, 16, 4, 7], [7, 18, 9], [0, 12], [0, 13], [0, 14], [0, 15], [7, 16], [6, 17], [1, 9, 18], [1, 6, 19]]
[3, 15, 12, 13, 14, 0, 18, 19, 1, 4, 3, 2, 0, 2, 3, 2, 7, 4, 17, 19, 6, 9, 16, 4, 7, 7, 18, 9, 0, 12, 0, 13, 0, 14, 0, 15, 7, 16, 6, 17, 1, 9, 18, 1, 6, 19]
[[3, 15, 13, 14, 0], [18, 19, 1], [4, 3, 2], [0, 2, 3], [2, 7, 4], [17, 19, 6], [9, 16, 4, 7], [7, 18, 9], [0, 13], [0, 14], [0, 15], [7, 16], [6, 17], [1, 9, 18], [1, 6, 19]]
[3, 15, 13, 14, 0, 18, 19, 1, 4, 3, 2, 0, 2, 3, 2, 7, 4, 17, 19, 6, 9, 16, 4, 7, 7, 18, 9, 0, 13, 0, 14, 0, 15, 7, 16, 6, 17, 1, 9, 18, 1, 6, 19]
[[3, 15, 14, 0], [18, 19, 1], [4, 3, 2], [0, 2, 3], [2, 7, 4], [17, 19, 6], [9, 16, 4, 7], [7, 18, 9], [0, 14], [0, 15], [7, 16], [6, 17], [1, 9, 18], [1, 6, 19]]
[3, 15, 14, 0, 18, 19, 1, 4, 3, 2, 0, 2, 3, 2, 7, 4, 17, 19, 6, 9, 16, 4, 7, 7, 18, 9, 0, 14, 0, 15, 7, 16, 6, 17, 1, 9, 18, 1, 6, 19]
[[3, 15, 0], [18, 19, 1], [4, 3, 2], [0, 2, 3], [2, 7, 4], [17, 19, 6], [9, 16, 4, 7], [7, 18, 9], [0, 15], [7, 16], [6, 17], [1, 9, 18], [1, 6, 19]]
[3, 15, 0, 18, 19, 1, 4, 3, 2, 0, 2, 3, 2, 7, 4, 17, 19, 6, 9, 16, 4, 7, 7, 18, 9, 0, 15, 7, 16, 6, 17, 1, 9, 18, 1, 6, 19]
[[3, 0], [18, 19, 1], [4, 3, 2], [0, 2, 3], [2, 7, 4], [17, 19, 6], [9, 16, 4, 7], [7, 18, 9], [7, 16], [6, 17], [1, 9, 18], [1, 6, 19]]
[3, 0, 18, 19, 1, 4, 3, 2, 0, 2, 3, 2, 7, 4, 17, 19, 6, 9, 16, 4, 7, 7, 18, 9, 7, 16, 6, 17, 1, 9, 18, 1, 6, 19]
[[18, 19, 1], [4, 3, 2], [2, 3], [2, 7, 4], [17, 19, 6], [9, 16, 4, 7], [7, 18, 9], [7, 16], [6, 17], [1, 9, 18], [1, 6, 19]]
[18, 19, 1, 4, 3, 2, 2, 3, 2, 7, 4, 17, 19, 6, 9, 16, 4, 7, 7, 18, 9, 7, 16, 6, 17, 1, 9, 18, 1, 6, 19]
[[18, 19, 1], [4, 2], [2, 7, 4], [17, 19, 6], [9, 16, 4, 7], [7, 18, 9], [7, 16], [6, 17], [1, 9, 18], [1, 6, 19]]
[18, 19, 1, 4, 2, 2, 7, 4, 17, 19, 6, 9, 16, 4, 7, 7, 18, 9, 7, 16, 6, 17, 1, 9, 18, 1, 6, 19]
[[18, 19, 1], [7, 4], [17, 19, 6], [9, 16, 4, 7], [7, 18, 9], [7, 16], [6, 17], [1, 9, 18], [1, 6, 19]]
[18, 19, 1, 7, 4, 17, 19, 6, 9, 16, 4, 7, 7, 18, 9, 7, 16, 6, 17, 1, 9, 18, 1, 6, 19]
[[18, 19, 1], [17, 19, 6], [9, 16, 7], [7, 18, 9], [7, 16], [6, 17], [1, 9, 18], [1, 6, 19]]
[18, 19, 1, 17, 19, 6, 9, 16, 7, 7, 18, 9, 7, 16, 6, 17, 1, 9, 18, 1, 6, 19]
[[18, 19, 1], [17, 19, 6], [9, 7], [7, 18, 9], [6, 17], [1, 9, 18], [1, 6, 19]]
[18, 19, 1, 17, 19, 6, 9, 7, 7, 18, 9, 6, 17, 1, 9, 18, 1, 6, 19]
[[18, 19, 1], [17, 19, 6], [18, 9], [6, 17], [1, 9, 18], [1, 6, 19]]
[18, 19, 1, 17, 19, 6, 18, 9, 6, 17, 1, 9, 18, 1, 6, 19]
[[18, 19, 1], [17, 19, 6], [6, 17], [1, 18], [1, 6, 19]]
[18, 19, 1, 17, 19, 6, 6, 17, 1, 18, 1, 6, 19]
[[18, 19, 1], [19, 6], [1, 18], [1, 6, 19]]
[18, 19, 1, 19, 6, 1, 18, 1, 6, 19]
[[18, 19, 1], [1, 18], [1, 19]]
[18, 19, 1, 1, 18, 1, 19]
[[19, 1], [1, 19]]
[19, 1, 1, 19]






















FEA MEET
global fitness found:  130747.76399550456
===================================================
fea run  0 130747.76399550456
global fitness found:  30640.421700157574
===================================================
fea run  1 30640.421700157574
global fitness found:  21508.766788667366
===================================================
fea run  2 21508.766788667366
global fitness found:  17443.21211751877
===================================================
fea run  3 17443.21211751877
global fitness found:  12296.081548210259
===================================================
fea run  4 12296.081548210259
global fitness found:  11543.944919779975
===================================================
fea run  5 11543.944919779975
global fitness found:  11341.580808881263
===================================================
fea run  6 11341.580808881263
global fitness found:  11336.863797590422
===================================================
fea run  7 11336.863797590422
global fitness found:  11298.608173803497
===================================================
fea run  8 11298.608173803497
global fitness found:  11150.033644764306
===================================================
fea run  9 11150.033644764306
11150.033644764306
FEA Rand 1
global fitness found:  134848.31739201926
===================================================
fea run  0 134848.31739201926
global fitness found:  24077.768713387904
===================================================
fea run  1 24077.768713387904
global fitness found:  14402.310728431601
===================================================
fea run  2 14402.310728431601
global fitness found:  12626.657791659567
===================================================
fea run  3 12626.657791659567
global fitness found:  11792.953725876048
===================================================
fea run  4 11792.953725876048
global fitness found:  8615.356691988349
===================================================
fea run  5 8615.356691988349
global fitness found:  6532.575821786166
===================================================
fea run  6 6532.575821786166
global fitness found:  6246.86241790339
===================================================
fea run  7 6246.86241790339
global fitness found:  5962.8708456123095
===================================================
fea run  8 5962.8708456123095
global fitness found:  5795.961007888862
===================================================
fea run  9 5795.961007888862
5795.961007888862
FEA Rand 5
global fitness found:  50131.679202542306
===================================================
fea run  0 50131.679202542306
global fitness found:  20380.938817928807
===================================================
fea run  1 20380.938817928807
global fitness found:  12980.86445982711
===================================================
fea run  2 12980.86445982711
global fitness found:  11453.478345311249
===================================================
fea run  3 11453.478345311249
global fitness found:  7082.899104505937
===================================================
fea run  4 7082.899104505937
global fitness found:  4662.730688582551
===================================================
fea run  5 4662.730688582551
global fitness found:  4099.015617763806
===================================================
fea run  6 4099.015617763806
global fitness found:  3265.917925145345
===================================================
fea run  7 3265.917925145345
global fitness found:  3021.13978711289
===================================================
fea run  8 3021.13978711289
global fitness found:  2696.267377438053
===================================================
fea run  9 2696.267377438053
2696.267377438053
FEA Rand 10
global fitness found:  49880.801063954816
===================================================
fea run  0 49880.801063954816
global fitness found:  28227.188347925898
===================================================
fea run  1 28227.188347925898
global fitness found:  23688.101406364975
===================================================
fea run  2 23688.101406364975
global fitness found:  19402.14748175354
===================================================
fea run  3 19402.14748175354
global fitness found:  17419.46977372425
===================================================
fea run  4 17419.46977372425
global fitness found:  14453.568533979418
===================================================
fea run  5 14453.568533979418
global fitness found:  12406.944982683566
===================================================
fea run  6 12406.944982683566
global fitness found:  11926.002921076502
===================================================
fea run  7 11926.002921076502
global fitness found:  11503.62655166464
===================================================
fea run  8 11503.62655166464
global fitness found:  11392.455497766701
===================================================
fea run  9 11392.455497766701
11392.455497766701
FEA Rand 20
global fitness found:  137289.3220092062
===================================================
fea run  0 137289.3220092062
global fitness found:  19266.196062476007
===================================================
fea run  1 19266.196062476007
global fitness found:  7104.345185156793
===================================================
fea run  2 7104.345185156793
global fitness found:  5156.561036214738
===================================================
fea run  3 5156.561036214738
global fitness found:  3665.0482558481463
===================================================
fea run  4 3665.0482558481463
global fitness found:  2980.4066702071077
===================================================
fea run  5 2980.4066702071077
global fitness found:  2276.736652850357
===================================================
fea run  6 2276.736652850357
global fitness found:  1747.9291760641445
===================================================
fea run  7 1747.9291760641445
global fitness found:  1653.9636433926305
===================================================
fea run  8 1653.9636433926305
global fitness found:  1597.6922441369277
===================================================
fea run  9 1597.6922441369277
1597.6922441369277
FEA Rand 40
global fitness found:  57118.152248937135
===================================================
fea run  0 57118.152248937135
global fitness found:  20972.60200774677
===================================================
fea run  1 20972.60200774677
global fitness found:  8041.694320903778
===================================================
fea run  2 8041.694320903778
global fitness found:  6010.163246984923
===================================================
fea run  3 6010.163246984923
global fitness found:  5925.511076437905
===================================================
fea run  4 5925.511076437905
global fitness found:  5925.511076437905
===================================================
fea run  5 5925.511076437905
global fitness found:  5915.435456096425
===================================================
fea run  6 5915.435456096425
global fitness found:  5883.4464638800055
===================================================
fea run  7 5883.4464638800055
global fitness found:  5882.825448681362
===================================================
fea run  8 5882.825448681362
global fitness found:  5882.825339245061
===================================================
fea run  9 5882.825339245061
5882.825339245061
FEA Rand 240
global fitness found:  57118.152248937135
===================================================
fea run  0 57118.152248937135
global fitness found:  32910.24690587673
===================================================
fea run  1 32910.24690587673
global fitness found:  15535.394518387775
===================================================
fea run  2 15535.394518387775
global fitness found:  8933.777668609875
===================================================
fea run  3 8933.777668609875
global fitness found:  5966.562028209615
===================================================
fea run  4 5966.562028209615
global fitness found:  3966.376032645531
===================================================
fea run  5 3966.376032645531
global fitness found:  3356.6096699433124
===================================================
fea run  6 3356.6096699433124
global fitness found:  3023.246122320015
===================================================
fea run  7 3023.246122320015
global fitness found:  2892.9657707414776
===================================================
fea run  8 2892.9657707414776
global fitness found:  2832.4114486609724
===================================================
fea run  9 2832.4114486609724
2832.4114486609724
{'MEET': 11150.033644764306, 'Rand 1': 5795.961007888862, 'Rand 5': 2696.267377438053, 'Rand 10': 11392.455497766701, 'Rand 20': 1597.6922441369277, 'Rand 40': 5882.825339245061, 'Rand 240': 2832.4114486609724}

Process finished with exit code 0



Results:
Best value from FEA (minimization) 
	MEET:     11150.033644764306
	Rand 1:   5795.961007888862
	Rand 5:   2696.267377438053
	Rand 10:  11392.455497766701
	Rand 20:  1597.6922441369277
	Rand 40:  5882.825339245061
	Rand 240: 2832.4114486609724

Total weight
	MEET:     12.174718240157196
	Rand 1:   -5.8510888378361
	Rand 5:   -3.5171651639537944
	Rand 10:  0.6775965037540382
	Rand 20:  5.206915117707992
	Rand 40:  6.608038190088281
	Rand 240: 6.608038190088281
