D:\pryor\Documents\GitHubProjects\FEA\venv\Scripts\python.exe D:/pryor/Documents/GitHubProjects/FEA/refactored_testing.py
running
F17
Starting Random 1
D:\pryor\Documents\GitHubProjects\FEA\refactoring\optimizationProblems\benchmarks.py:29: NumbaWarning: 
Compilation is falling back to object mode WITH looplifting enabled because Function "schwefel__" failed type inference due to: No implementation of function Function(<function sum at 0x0000024723FA2D30>) found for signature:
 
 >>> sum(list(float64)<iv=None>)
 
There are 2 candidate implementations:
  - Of which 2 did not match due to:
  Overload of function 'sum': File: numba\core\typing\npydecl.py: Line 348.
    With argument(s): '(list(float64)<iv=None>)':
   No match.

During: resolving callee type: Function(<function sum at 0x0000024723FA2D30>)
During: typing of call at D:\pryor\Documents\GitHubProjects\FEA\refactoring\optimizationProblems\benchmarks.py (31)


File "refactoring\optimizationProblems\benchmarks.py", line 31:
def schwefel__(solution=None):
    return sum([sum(solution[:i]) ** 2 for i in range(0, len(solution))])
    ^

  @numba.jit
D:\pryor\Documents\GitHubProjects\FEA\venv\lib\site-packages\numba\core\object_mode_passes.py:151: NumbaWarning: Function "schwefel__" was compiled in object mode without forceobj=True.

File "refactoring\optimizationProblems\benchmarks.py", line 30:
@numba.jit
def schwefel__(solution=None):
^

  warnings.warn(errors.NumbaWarning(warn_msg,
D:\pryor\Documents\GitHubProjects\FEA\venv\lib\site-packages\numba\core\object_mode_passes.py:161: NumbaDeprecationWarning: 
Fall-back from the nopython compilation path to the object mode compilation path has been detected, this is deprecated behaviour.

For more information visit https://numba.pydata.org/numba-doc/latest/reference/deprecation.html#deprecation-of-object-mode-fall-back-behaviour-when-using-jit

File "refactoring\optimizationProblems\benchmarks.py", line 30:
@numba.jit
def schwefel__(solution=None):
^

  warnings.warn(errors.NumbaDeprecationWarning(msg,
Mic: 0.0
Interaction: 0.0
	|	-0.26323399637587763 --> 0.0 Accepted
finished Random 1
Total weight: -5.783585254953322
finished Random 1
[[5, 0], [10, 1], [19, 12, 2], [15, 3], [6, 9, 18, 4], [10, 0, 5], [17, 4, 7, 6], [6, 7], [19, 8], [4, 12, 9], [1, 5, 13, 10], [15, 17, 11], [9, 2, 12], [16, 10, 17, 13], [19, 14], [11, 3, 15], [13, 16], [6, 11, 13, 17], [4, 18], [14, 2, 8, 19]]
[5, 0, 10, 1, 19, 12, 2, 15, 3, 6, 9, 18, 4, 10, 0, 5, 17, 4, 7, 6, 6, 7, 19, 8, 4, 12, 9, 1, 5, 13, 10, 15, 17, 11, 9, 2, 12, 16, 10, 17, 13, 19, 14, 11, 3, 15, 13, 16, 6, 11, 13, 17, 4, 18, 14, 2, 8, 19]
[[10, 1], [19, 12, 2], [15, 3], [6, 9, 18, 4], [10, 5], [17, 4, 7, 6], [6, 7], [19, 8], [4, 12, 9], [1, 5, 13, 10], [15, 17, 11], [9, 2, 12], [16, 10, 17, 13], [19, 14], [11, 3, 15], [13, 16], [6, 11, 13, 17], [4, 18], [14, 2, 8, 19]]
[10, 1, 19, 12, 2, 15, 3, 6, 9, 18, 4, 10, 5, 17, 4, 7, 6, 6, 7, 19, 8, 4, 12, 9, 1, 5, 13, 10, 15, 17, 11, 9, 2, 12, 16, 10, 17, 13, 19, 14, 11, 3, 15, 13, 16, 6, 11, 13, 17, 4, 18, 14, 2, 8, 19]
[[19, 12, 2], [15, 3], [6, 9, 18, 4], [10, 5], [17, 4, 7, 6], [6, 7], [19, 8], [4, 12, 9], [5, 13, 10], [15, 17, 11], [9, 2, 12], [16, 10, 17, 13], [19, 14], [11, 3, 15], [13, 16], [6, 11, 13, 17], [4, 18], [14, 2, 8, 19]]
[19, 12, 2, 15, 3, 6, 9, 18, 4, 10, 5, 17, 4, 7, 6, 6, 7, 19, 8, 4, 12, 9, 5, 13, 10, 15, 17, 11, 9, 2, 12, 16, 10, 17, 13, 19, 14, 11, 3, 15, 13, 16, 6, 11, 13, 17, 4, 18, 14, 2, 8, 19]
[[19, 12, 2], [6, 9, 18, 4], [10, 5], [17, 4, 7, 6], [6, 7], [19, 8], [4, 12, 9], [5, 13, 10], [15, 17, 11], [9, 2, 12], [16, 10, 17, 13], [19, 14], [11, 15], [13, 16], [6, 11, 13, 17], [4, 18], [14, 2, 8, 19]]
[19, 12, 2, 6, 9, 18, 4, 10, 5, 17, 4, 7, 6, 6, 7, 19, 8, 4, 12, 9, 5, 13, 10, 15, 17, 11, 9, 2, 12, 16, 10, 17, 13, 19, 14, 11, 15, 13, 16, 6, 11, 13, 17, 4, 18, 14, 2, 8, 19]
[[19, 12, 2], [6, 9, 18, 4], [17, 4, 7, 6], [6, 7], [19, 8], [4, 12, 9], [13, 10], [15, 17, 11], [9, 2, 12], [16, 10, 17, 13], [19, 14], [11, 15], [13, 16], [6, 11, 13, 17], [4, 18], [14, 2, 8, 19]]
[19, 12, 2, 6, 9, 18, 4, 17, 4, 7, 6, 6, 7, 19, 8, 4, 12, 9, 13, 10, 15, 17, 11, 9, 2, 12, 16, 10, 17, 13, 19, 14, 11, 15, 13, 16, 6, 11, 13, 17, 4, 18, 14, 2, 8, 19]
[[19, 12, 2], [6, 9, 18, 4], [17, 4, 6], [19, 8], [4, 12, 9], [13, 10], [15, 17, 11], [9, 2, 12], [16, 10, 17, 13], [19, 14], [11, 15], [13, 16], [6, 11, 13, 17], [4, 18], [14, 2, 8, 19]]
[19, 12, 2, 6, 9, 18, 4, 17, 4, 6, 19, 8, 4, 12, 9, 13, 10, 15, 17, 11, 9, 2, 12, 16, 10, 17, 13, 19, 14, 11, 15, 13, 16, 6, 11, 13, 17, 4, 18, 14, 2, 8, 19]
[[19, 12, 2], [6, 9, 18, 4], [17, 4, 6], [4, 12, 9], [13, 10], [15, 17, 11], [9, 2, 12], [16, 10, 17, 13], [19, 14], [11, 15], [13, 16], [6, 11, 13, 17], [4, 18], [14, 2, 19]]
[19, 12, 2, 6, 9, 18, 4, 17, 4, 6, 4, 12, 9, 13, 10, 15, 17, 11, 9, 2, 12, 16, 10, 17, 13, 19, 14, 11, 15, 13, 16, 6, 11, 13, 17, 4, 18, 14, 2, 19]
[[19, 12, 2], [6, 9, 18, 4], [17, 4, 6], [4, 12, 9], [15, 17, 11], [9, 2, 12], [16, 17, 13], [19, 14], [11, 15], [13, 16], [6, 11, 13, 17], [4, 18], [14, 2, 19]]
[19, 12, 2, 6, 9, 18, 4, 17, 4, 6, 4, 12, 9, 15, 17, 11, 9, 2, 12, 16, 17, 13, 19, 14, 11, 15, 13, 16, 6, 11, 13, 17, 4, 18, 14, 2, 19]
[[19, 12, 2], [6, 9, 18, 4], [17, 4, 6], [4, 12, 9], [15, 17, 11], [9, 2, 12], [16, 17, 13], [11, 15], [13, 16], [6, 11, 13, 17], [4, 18], [2, 19]]
[19, 12, 2, 6, 9, 18, 4, 17, 4, 6, 4, 12, 9, 15, 17, 11, 9, 2, 12, 16, 17, 13, 11, 15, 13, 16, 6, 11, 13, 17, 4, 18, 2, 19]
[[19, 12, 2], [6, 9, 18, 4], [17, 4, 6], [4, 12, 9], [17, 11], [9, 2, 12], [16, 17, 13], [13, 16], [6, 11, 13, 17], [4, 18], [2, 19]]
[19, 12, 2, 6, 9, 18, 4, 17, 4, 6, 4, 12, 9, 17, 11, 9, 2, 12, 16, 17, 13, 13, 16, 6, 11, 13, 17, 4, 18, 2, 19]
[[19, 12, 2], [6, 9, 18, 4], [17, 4, 6], [4, 12, 9], [9, 2, 12], [16, 17, 13], [13, 16], [6, 13, 17], [4, 18], [2, 19]]
[19, 12, 2, 6, 9, 18, 4, 17, 4, 6, 4, 12, 9, 9, 2, 12, 16, 17, 13, 13, 16, 6, 13, 17, 4, 18, 2, 19]
[[19, 12, 2], [6, 9, 18, 4], [17, 4, 6], [4, 12, 9], [9, 2, 12], [17, 13], [6, 13, 17], [4, 18], [2, 19]]
[19, 12, 2, 6, 9, 18, 4, 17, 4, 6, 4, 12, 9, 9, 2, 12, 17, 13, 6, 13, 17, 4, 18, 2, 19]
[[19, 12, 2], [6, 9, 18, 4], [17, 4, 6], [4, 12, 9], [9, 2, 12], [6, 17], [4, 18], [2, 19]]
[19, 12, 2, 6, 9, 18, 4, 17, 4, 6, 4, 12, 9, 9, 2, 12, 6, 17, 4, 18, 2, 19]
[[19, 12, 2], [6, 9, 18, 4], [4, 6], [4, 12, 9], [9, 2, 12], [4, 18], [2, 19]]
[19, 12, 2, 6, 9, 18, 4, 4, 6, 4, 12, 9, 9, 2, 12, 4, 18, 2, 19]
[[19, 12, 2], [9, 18, 4], [4, 12, 9], [9, 2, 12], [4, 18], [2, 19]]
[19, 12, 2, 9, 18, 4, 4, 12, 9, 9, 2, 12, 4, 18, 2, 19]
[[19, 12, 2], [9, 4], [4, 12, 9], [9, 2, 12], [2, 19]]
[19, 12, 2, 9, 4, 4, 12, 9, 9, 2, 12, 2, 19]
[[19, 12, 2], [12, 9], [9, 2, 12], [2, 19]]
[19, 12, 2, 12, 9, 9, 2, 12, 2, 19]
[[19, 12, 2], [2, 12], [2, 19]]
[19, 12, 2, 2, 12, 2, 19]
[[19, 2], [2, 19]]
[19, 2, 2, 19]






















Starting Random 5
Mic: 0.08079313589591199
Interaction: 0.08079313589591199
Mic: 0.22070595738188548
Interaction: 0.22070595738188548
Mic: 0.08079313589591199
Interaction: 0.08079313589591199
Mic: 0.2366230690162837
Interaction: 0.2366230690162837
	|	-0.3105939691596893 --> 0.08079313589591199 Accepted	|	-0.38552823104370226 --> 0.22070595738188548 Accepted	|	-0.3085691442288532 --> 0.08079313589591199 Accepted	|	-0.27887844237503034 --> 0.2366230690162837 Accepted
finished Random 5
Total weight: -3.8811001699560537
finished Random 5
[[5, 2, 0], [10, 1], [12, 0, 2], [15, 3], [9, 18, 7, 4], [10, 0, 8, 5], [17, 6], [4, 7], [19, 5, 8], [4, 12, 9], [1, 5, 13, 10], [15, 17, 11], [9, 2, 12], [16, 10, 17, 13], [18, 14], [11, 3, 15], [13, 16], [6, 11, 13, 17], [4, 14, 18], [8, 19]]
[5, 2, 0, 10, 1, 12, 0, 2, 15, 3, 9, 18, 7, 4, 10, 0, 8, 5, 17, 6, 4, 7, 19, 5, 8, 4, 12, 9, 1, 5, 13, 10, 15, 17, 11, 9, 2, 12, 16, 10, 17, 13, 18, 14, 11, 3, 15, 13, 16, 6, 11, 13, 17, 4, 14, 18, 8, 19]
[[5, 2, 0], [12, 0, 2], [15, 3], [9, 18, 7, 4], [10, 0, 8, 5], [17, 6], [4, 7], [19, 5, 8], [4, 12, 9], [5, 13, 10], [15, 17, 11], [9, 2, 12], [16, 10, 17, 13], [18, 14], [11, 3, 15], [13, 16], [6, 11, 13, 17], [4, 14, 18], [8, 19]]
[5, 2, 0, 12, 0, 2, 15, 3, 9, 18, 7, 4, 10, 0, 8, 5, 17, 6, 4, 7, 19, 5, 8, 4, 12, 9, 5, 13, 10, 15, 17, 11, 9, 2, 12, 16, 10, 17, 13, 18, 14, 11, 3, 15, 13, 16, 6, 11, 13, 17, 4, 14, 18, 8, 19]
[[5, 2, 0], [12, 0, 2], [9, 18, 7, 4], [10, 0, 8, 5], [17, 6], [4, 7], [19, 5, 8], [4, 12, 9], [5, 13, 10], [15, 17, 11], [9, 2, 12], [16, 10, 17, 13], [18, 14], [11, 15], [13, 16], [6, 11, 13, 17], [4, 14, 18], [8, 19]]
[5, 2, 0, 12, 0, 2, 9, 18, 7, 4, 10, 0, 8, 5, 17, 6, 4, 7, 19, 5, 8, 4, 12, 9, 5, 13, 10, 15, 17, 11, 9, 2, 12, 16, 10, 17, 13, 18, 14, 11, 15, 13, 16, 6, 11, 13, 17, 4, 14, 18, 8, 19]
[[5, 2, 0], [12, 0, 2], [9, 18, 7, 4], [10, 0, 8, 5], [4, 7], [19, 5, 8], [4, 12, 9], [5, 13, 10], [15, 17, 11], [9, 2, 12], [16, 10, 17, 13], [18, 14], [11, 15], [13, 16], [11, 13, 17], [4, 14, 18], [8, 19]]
[5, 2, 0, 12, 0, 2, 9, 18, 7, 4, 10, 0, 8, 5, 4, 7, 19, 5, 8, 4, 12, 9, 5, 13, 10, 15, 17, 11, 9, 2, 12, 16, 10, 17, 13, 18, 14, 11, 15, 13, 16, 11, 13, 17, 4, 14, 18, 8, 19]
[[5, 2, 0], [12, 0, 2], [9, 18, 4], [10, 0, 8, 5], [19, 5, 8], [4, 12, 9], [5, 13, 10], [15, 17, 11], [9, 2, 12], [16, 10, 17, 13], [18, 14], [11, 15], [13, 16], [11, 13, 17], [4, 14, 18], [8, 19]]
[5, 2, 0, 12, 0, 2, 9, 18, 4, 10, 0, 8, 5, 19, 5, 8, 4, 12, 9, 5, 13, 10, 15, 17, 11, 9, 2, 12, 16, 10, 17, 13, 18, 14, 11, 15, 13, 16, 11, 13, 17, 4, 14, 18, 8, 19]
[[5, 2, 0], [12, 0, 2], [9, 18, 4], [10, 0, 8, 5], [19, 5, 8], [4, 12, 9], [5, 13, 10], [15, 17, 11], [9, 2, 12], [16, 10, 17, 13], [11, 15], [13, 16], [11, 13, 17], [4, 18], [8, 19]]
[5, 2, 0, 12, 0, 2, 9, 18, 4, 10, 0, 8, 5, 19, 5, 8, 4, 12, 9, 5, 13, 10, 15, 17, 11, 9, 2, 12, 16, 10, 17, 13, 11, 15, 13, 16, 11, 13, 17, 4, 18, 8, 19]
[[5, 2, 0], [12, 0, 2], [9, 18, 4], [10, 0, 8, 5], [19, 5, 8], [4, 12, 9], [5, 13, 10], [17, 11], [9, 2, 12], [16, 10, 17, 13], [13, 16], [11, 13, 17], [4, 18], [8, 19]]
[5, 2, 0, 12, 0, 2, 9, 18, 4, 10, 0, 8, 5, 19, 5, 8, 4, 12, 9, 5, 13, 10, 17, 11, 9, 2, 12, 16, 10, 17, 13, 13, 16, 11, 13, 17, 4, 18, 8, 19]
[[5, 2, 0], [12, 0, 2], [9, 18, 4], [10, 0, 8, 5], [19, 5, 8], [4, 12, 9], [5, 13, 10], [9, 2, 12], [16, 10, 17, 13], [13, 16], [13, 17], [4, 18], [8, 19]]
[5, 2, 0, 12, 0, 2, 9, 18, 4, 10, 0, 8, 5, 19, 5, 8, 4, 12, 9, 5, 13, 10, 9, 2, 12, 16, 10, 17, 13, 13, 16, 13, 17, 4, 18, 8, 19]
[[5, 2, 0], [12, 0, 2], [9, 18, 4], [10, 0, 8, 5], [19, 5, 8], [4, 12, 9], [5, 13, 10], [9, 2, 12], [10, 17, 13], [13, 17], [4, 18], [8, 19]]
[5, 2, 0, 12, 0, 2, 9, 18, 4, 10, 0, 8, 5, 19, 5, 8, 4, 12, 9, 5, 13, 10, 9, 2, 12, 10, 17, 13, 13, 17, 4, 18, 8, 19]
[[5, 2, 0], [12, 0, 2], [9, 18, 4], [10, 0, 8, 5], [19, 5, 8], [4, 12, 9], [5, 13, 10], [9, 2, 12], [10, 13], [4, 18], [8, 19]]
[5, 2, 0, 12, 0, 2, 9, 18, 4, 10, 0, 8, 5, 19, 5, 8, 4, 12, 9, 5, 13, 10, 9, 2, 12, 10, 13, 4, 18, 8, 19]
[[5, 2, 0], [12, 0, 2], [9, 18, 4], [10, 0, 8, 5], [19, 5, 8], [4, 12, 9], [5, 10], [9, 2, 12], [4, 18], [8, 19]]
[5, 2, 0, 12, 0, 2, 9, 18, 4, 10, 0, 8, 5, 19, 5, 8, 4, 12, 9, 5, 10, 9, 2, 12, 4, 18, 8, 19]
[[5, 2, 0], [12, 0, 2], [9, 18, 4], [0, 8, 5], [19, 5, 8], [4, 12, 9], [9, 2, 12], [4, 18], [8, 19]]
[5, 2, 0, 12, 0, 2, 9, 18, 4, 0, 8, 5, 19, 5, 8, 4, 12, 9, 9, 2, 12, 4, 18, 8, 19]
[[5, 2, 0], [12, 0, 2], [9, 4], [0, 8, 5], [19, 5, 8], [4, 12, 9], [9, 2, 12], [8, 19]]
[5, 2, 0, 12, 0, 2, 9, 4, 0, 8, 5, 19, 5, 8, 4, 12, 9, 9, 2, 12, 8, 19]
[[5, 2, 0], [12, 0, 2], [0, 8, 5], [19, 5, 8], [12, 9], [9, 2, 12], [8, 19]]
[5, 2, 0, 12, 0, 2, 0, 8, 5, 19, 5, 8, 12, 9, 9, 2, 12, 8, 19]
[[5, 2, 0], [12, 0, 2], [0, 8, 5], [19, 5, 8], [2, 12], [8, 19]]
[5, 2, 0, 12, 0, 2, 0, 8, 5, 19, 5, 8, 2, 12, 8, 19]
[[5, 2, 0], [0, 2], [0, 8, 5], [19, 5, 8], [8, 19]]
[5, 2, 0, 0, 2, 0, 8, 5, 19, 5, 8, 8, 19]
[[5, 0], [0, 8, 5], [19, 5, 8], [8, 19]]
[5, 0, 0, 8, 5, 19, 5, 8, 8, 19]
[[8, 5], [19, 5, 8], [8, 19]]
[8, 5, 19, 5, 8, 8, 19]
[[19, 8], [8, 19]]
[19, 8, 8, 19]






















Starting Random 10
Mic: 0.08079313589591199
Interaction: 0.08079313589591199
Mic: 0.24168543875585566
Interaction: 0.24168543875585566
Mic: 0.08079313589591199
Interaction: 0.08079313589591199
Mic: 0.7414827399312743
Interaction: 0.7414827399312743
Mic: 0.0
Interaction: 0.0
	|	-0.6482984199188162 --> 0.08079313589591199 Accepted	|	-0.37261749593933136 --> 0.24168543875585566 Accepted	|	0.08079313589591199 --> 0.08079313589591199 Rejected	|	0.22070595738188548 --> 0.7414827399312743 Accepted	|	0.08079313589591199 --> 0.0 Rejected
finished Random 10
Total weight: -2.0169288968967494
finished Random 10
[[5, 2, 0], [10, 1], [12, 0, 2], [19, 3], [9, 4], [10, 0, 8, 5], [17, 6], [16, 7], [19, 5, 8], [4, 12, 9], [1, 5, 13, 10], [15, 17, 11], [9, 2, 12], [16, 10, 17, 13], [18, 19, 14], [11, 15], [13, 7, 16], [6, 11, 13, 17], [14, 18], [8, 3, 14, 19]]
[5, 2, 0, 10, 1, 12, 0, 2, 19, 3, 9, 4, 10, 0, 8, 5, 17, 6, 16, 7, 19, 5, 8, 4, 12, 9, 1, 5, 13, 10, 15, 17, 11, 9, 2, 12, 16, 10, 17, 13, 18, 19, 14, 11, 15, 13, 7, 16, 6, 11, 13, 17, 14, 18, 8, 3, 14, 19]
[[5, 2, 0], [12, 0, 2], [19, 3], [9, 4], [10, 0, 8, 5], [17, 6], [16, 7], [19, 5, 8], [4, 12, 9], [5, 13, 10], [15, 17, 11], [9, 2, 12], [16, 10, 17, 13], [18, 19, 14], [11, 15], [13, 7, 16], [6, 11, 13, 17], [14, 18], [8, 3, 14, 19]]
[5, 2, 0, 12, 0, 2, 19, 3, 9, 4, 10, 0, 8, 5, 17, 6, 16, 7, 19, 5, 8, 4, 12, 9, 5, 13, 10, 15, 17, 11, 9, 2, 12, 16, 10, 17, 13, 18, 19, 14, 11, 15, 13, 7, 16, 6, 11, 13, 17, 14, 18, 8, 3, 14, 19]
[[5, 2, 0], [12, 0, 2], [9, 4], [10, 0, 8, 5], [17, 6], [16, 7], [19, 5, 8], [4, 12, 9], [5, 13, 10], [15, 17, 11], [9, 2, 12], [16, 10, 17, 13], [18, 19, 14], [11, 15], [13, 7, 16], [6, 11, 13, 17], [14, 18], [8, 14, 19]]
[5, 2, 0, 12, 0, 2, 9, 4, 10, 0, 8, 5, 17, 6, 16, 7, 19, 5, 8, 4, 12, 9, 5, 13, 10, 15, 17, 11, 9, 2, 12, 16, 10, 17, 13, 18, 19, 14, 11, 15, 13, 7, 16, 6, 11, 13, 17, 14, 18, 8, 14, 19]
[[5, 2, 0], [12, 0, 2], [10, 0, 8, 5], [17, 6], [16, 7], [19, 5, 8], [12, 9], [5, 13, 10], [15, 17, 11], [9, 2, 12], [16, 10, 17, 13], [18, 19, 14], [11, 15], [13, 7, 16], [6, 11, 13, 17], [14, 18], [8, 14, 19]]
[5, 2, 0, 12, 0, 2, 10, 0, 8, 5, 17, 6, 16, 7, 19, 5, 8, 12, 9, 5, 13, 10, 15, 17, 11, 9, 2, 12, 16, 10, 17, 13, 18, 19, 14, 11, 15, 13, 7, 16, 6, 11, 13, 17, 14, 18, 8, 14, 19]
[[5, 2, 0], [12, 0, 2], [10, 0, 8, 5], [16, 7], [19, 5, 8], [12, 9], [5, 13, 10], [15, 17, 11], [9, 2, 12], [16, 10, 17, 13], [18, 19, 14], [11, 15], [13, 7, 16], [11, 13, 17], [14, 18], [8, 14, 19]]
[5, 2, 0, 12, 0, 2, 10, 0, 8, 5, 16, 7, 19, 5, 8, 12, 9, 5, 13, 10, 15, 17, 11, 9, 2, 12, 16, 10, 17, 13, 18, 19, 14, 11, 15, 13, 7, 16, 11, 13, 17, 14, 18, 8, 14, 19]
[[5, 2, 0], [12, 0, 2], [10, 0, 8, 5], [19, 5, 8], [12, 9], [5, 13, 10], [15, 17, 11], [9, 2, 12], [16, 10, 17, 13], [18, 19, 14], [11, 15], [13, 16], [11, 13, 17], [14, 18], [8, 14, 19]]
[5, 2, 0, 12, 0, 2, 10, 0, 8, 5, 19, 5, 8, 12, 9, 5, 13, 10, 15, 17, 11, 9, 2, 12, 16, 10, 17, 13, 18, 19, 14, 11, 15, 13, 16, 11, 13, 17, 14, 18, 8, 14, 19]
[[5, 2, 0], [12, 0, 2], [10, 0, 8, 5], [19, 5, 8], [5, 13, 10], [15, 17, 11], [2, 12], [16, 10, 17, 13], [18, 19, 14], [11, 15], [13, 16], [11, 13, 17], [14, 18], [8, 14, 19]]
[5, 2, 0, 12, 0, 2, 10, 0, 8, 5, 19, 5, 8, 5, 13, 10, 15, 17, 11, 2, 12, 16, 10, 17, 13, 18, 19, 14, 11, 15, 13, 16, 11, 13, 17, 14, 18, 8, 14, 19]
[[5, 2, 0], [0, 2], [10, 0, 8, 5], [19, 5, 8], [5, 13, 10], [15, 17, 11], [16, 10, 17, 13], [18, 19, 14], [11, 15], [13, 16], [11, 13, 17], [14, 18], [8, 14, 19]]
[5, 2, 0, 0, 2, 10, 0, 8, 5, 19, 5, 8, 5, 13, 10, 15, 17, 11, 16, 10, 17, 13, 18, 19, 14, 11, 15, 13, 16, 11, 13, 17, 14, 18, 8, 14, 19]
[[5, 0], [10, 0, 8, 5], [19, 5, 8], [5, 13, 10], [15, 17, 11], [16, 10, 17, 13], [18, 19, 14], [11, 15], [13, 16], [11, 13, 17], [14, 18], [8, 14, 19]]
[5, 0, 10, 0, 8, 5, 19, 5, 8, 5, 13, 10, 15, 17, 11, 16, 10, 17, 13, 18, 19, 14, 11, 15, 13, 16, 11, 13, 17, 14, 18, 8, 14, 19]
[[10, 8, 5], [19, 5, 8], [5, 13, 10], [15, 17, 11], [16, 10, 17, 13], [18, 19, 14], [11, 15], [13, 16], [11, 13, 17], [14, 18], [8, 14, 19]]
[10, 8, 5, 19, 5, 8, 5, 13, 10, 15, 17, 11, 16, 10, 17, 13, 18, 19, 14, 11, 15, 13, 16, 11, 13, 17, 14, 18, 8, 14, 19]
[[10, 8, 5], [19, 5, 8], [5, 13, 10], [17, 11], [16, 10, 17, 13], [18, 19, 14], [13, 16], [11, 13, 17], [14, 18], [8, 14, 19]]
[10, 8, 5, 19, 5, 8, 5, 13, 10, 17, 11, 16, 10, 17, 13, 18, 19, 14, 13, 16, 11, 13, 17, 14, 18, 8, 14, 19]
[[10, 8, 5], [19, 5, 8], [5, 13, 10], [16, 10, 17, 13], [18, 19, 14], [13, 16], [13, 17], [14, 18], [8, 14, 19]]
[10, 8, 5, 19, 5, 8, 5, 13, 10, 16, 10, 17, 13, 18, 19, 14, 13, 16, 13, 17, 14, 18, 8, 14, 19]
[[10, 8, 5], [19, 5, 8], [5, 13, 10], [10, 17, 13], [18, 19, 14], [13, 17], [14, 18], [8, 14, 19]]
[10, 8, 5, 19, 5, 8, 5, 13, 10, 10, 17, 13, 18, 19, 14, 13, 17, 14, 18, 8, 14, 19]
[[10, 8, 5], [19, 5, 8], [5, 13, 10], [10, 13], [18, 19, 14], [14, 18], [8, 14, 19]]
[10, 8, 5, 19, 5, 8, 5, 13, 10, 10, 13, 18, 19, 14, 14, 18, 8, 14, 19]
[[10, 8, 5], [19, 5, 8], [5, 10], [18, 19, 14], [14, 18], [8, 14, 19]]
[10, 8, 5, 19, 5, 8, 5, 10, 18, 19, 14, 14, 18, 8, 14, 19]
[[8, 5], [19, 5, 8], [18, 19, 14], [14, 18], [8, 14, 19]]
[8, 5, 19, 5, 8, 18, 19, 14, 14, 18, 8, 14, 19]
[[19, 8], [18, 19, 14], [14, 18], [8, 14, 19]]
[19, 8, 18, 19, 14, 14, 18, 8, 14, 19]
[[18, 19, 14], [14, 18], [14, 19]]
[18, 19, 14, 14, 18, 14, 19]
[[19, 14], [14, 19]]
[19, 14, 14, 19]






















Starting Random 20
Mic: 0.19439185783157678
Interaction: 0.19439185783157678
Mic: 0.0
Interaction: 0.0
Mic: 0.0
Interaction: 0.0
Mic: 0.08079313589591199
Interaction: 0.08079313589591199
Mic: 0.2864152769737395
Interaction: 0.2864152769737395
Mic: 0.9988455359952023
Interaction: 0.9988455359952023
Mic: 0.20670038405309485
Interaction: 0.20670038405309485
Mic: 0.0
Interaction: 0.0
Mic: 0.0
Interaction: 0.0
Mic: 0.0
Interaction: 0.0
	|	-0.28297458524542574 --> 0.19439185783157678 Accepted	|	-0.4172267205074274 --> 0.0 Accepted	|	0.0 --> 0.0 Rejected	|	-0.24053292870084508 --> 0.08079313589591199 Accepted	|	0.19439185783157678 --> 0.2864152769737395 Accepted	|	-0.14629415261437284 --> 0.9988455359952023 Accepted	|	-0.4037167311406171 --> 0.20670038405309485 Accepted	|	-0.0899396639769563 --> 0.0 Accepted	|	0.08079313589591199 --> 0.0 Rejected	|	0.2864152769737395 --> 0.0 Rejected
finished Random 20
Total weight: 1.1365102182068432
finished Random 20
[[2, 0], [10, 19, 6, 1], [12, 0, 11, 2], [19, 3], [9, 13, 4], [8, 5], [1, 6], [16, 7], [19, 5, 8], [4, 9], [1, 10], [15, 2, 11], [2, 16, 12], [16, 4, 17, 13], [18, 19, 14], [11, 19, 15], [13, 7, 12, 16], [13, 17], [14, 18], [8, 3, 14, 1, 15, 19]]
[2, 0, 10, 19, 6, 1, 12, 0, 11, 2, 19, 3, 9, 13, 4, 8, 5, 1, 6, 16, 7, 19, 5, 8, 4, 9, 1, 10, 15, 2, 11, 2, 16, 12, 16, 4, 17, 13, 18, 19, 14, 11, 19, 15, 13, 7, 12, 16, 13, 17, 14, 18, 8, 3, 14, 1, 15, 19]
[[10, 19, 6, 1], [12, 11, 2], [19, 3], [9, 13, 4], [8, 5], [1, 6], [16, 7], [19, 5, 8], [4, 9], [1, 10], [15, 2, 11], [2, 16, 12], [16, 4, 17, 13], [18, 19, 14], [11, 19, 15], [13, 7, 12, 16], [13, 17], [14, 18], [8, 3, 14, 1, 15, 19]]
[10, 19, 6, 1, 12, 11, 2, 19, 3, 9, 13, 4, 8, 5, 1, 6, 16, 7, 19, 5, 8, 4, 9, 1, 10, 15, 2, 11, 2, 16, 12, 16, 4, 17, 13, 18, 19, 14, 11, 19, 15, 13, 7, 12, 16, 13, 17, 14, 18, 8, 3, 14, 1, 15, 19]
[[10, 19, 6, 1], [12, 11, 2], [9, 13, 4], [8, 5], [1, 6], [16, 7], [19, 5, 8], [4, 9], [1, 10], [15, 2, 11], [2, 16, 12], [16, 4, 17, 13], [18, 19, 14], [11, 19, 15], [13, 7, 12, 16], [13, 17], [14, 18], [8, 14, 1, 15, 19]]
[10, 19, 6, 1, 12, 11, 2, 9, 13, 4, 8, 5, 1, 6, 16, 7, 19, 5, 8, 4, 9, 1, 10, 15, 2, 11, 2, 16, 12, 16, 4, 17, 13, 18, 19, 14, 11, 19, 15, 13, 7, 12, 16, 13, 17, 14, 18, 8, 14, 1, 15, 19]
[[10, 19, 6, 1], [12, 11, 2], [9, 13, 4], [1, 6], [16, 7], [19, 8], [4, 9], [1, 10], [15, 2, 11], [2, 16, 12], [16, 4, 17, 13], [18, 19, 14], [11, 19, 15], [13, 7, 12, 16], [13, 17], [14, 18], [8, 14, 1, 15, 19]]
[10, 19, 6, 1, 12, 11, 2, 9, 13, 4, 1, 6, 16, 7, 19, 8, 4, 9, 1, 10, 15, 2, 11, 2, 16, 12, 16, 4, 17, 13, 18, 19, 14, 11, 19, 15, 13, 7, 12, 16, 13, 17, 14, 18, 8, 14, 1, 15, 19]
[[10, 19, 1], [12, 11, 2], [9, 13, 4], [16, 7], [19, 8], [4, 9], [1, 10], [15, 2, 11], [2, 16, 12], [16, 4, 17, 13], [18, 19, 14], [11, 19, 15], [13, 7, 12, 16], [13, 17], [14, 18], [8, 14, 1, 15, 19]]
[10, 19, 1, 12, 11, 2, 9, 13, 4, 16, 7, 19, 8, 4, 9, 1, 10, 15, 2, 11, 2, 16, 12, 16, 4, 17, 13, 18, 19, 14, 11, 19, 15, 13, 7, 12, 16, 13, 17, 14, 18, 8, 14, 1, 15, 19]
[[10, 19, 1], [12, 11, 2], [9, 13, 4], [19, 8], [4, 9], [1, 10], [15, 2, 11], [2, 16, 12], [16, 4, 17, 13], [18, 19, 14], [11, 19, 15], [13, 12, 16], [13, 17], [14, 18], [8, 14, 1, 15, 19]]
[10, 19, 1, 12, 11, 2, 9, 13, 4, 19, 8, 4, 9, 1, 10, 15, 2, 11, 2, 16, 12, 16, 4, 17, 13, 18, 19, 14, 11, 19, 15, 13, 12, 16, 13, 17, 14, 18, 8, 14, 1, 15, 19]
[[10, 19, 1], [12, 11, 2], [9, 13, 4], [4, 9], [1, 10], [15, 2, 11], [2, 16, 12], [16, 4, 17, 13], [18, 19, 14], [11, 19, 15], [13, 12, 16], [13, 17], [14, 18], [14, 1, 15, 19]]
[10, 19, 1, 12, 11, 2, 9, 13, 4, 4, 9, 1, 10, 15, 2, 11, 2, 16, 12, 16, 4, 17, 13, 18, 19, 14, 11, 19, 15, 13, 12, 16, 13, 17, 14, 18, 14, 1, 15, 19]
[[10, 19, 1], [12, 11, 2], [13, 4], [1, 10], [15, 2, 11], [2, 16, 12], [16, 4, 17, 13], [18, 19, 14], [11, 19, 15], [13, 12, 16], [13, 17], [14, 18], [14, 1, 15, 19]]
[10, 19, 1, 12, 11, 2, 13, 4, 1, 10, 15, 2, 11, 2, 16, 12, 16, 4, 17, 13, 18, 19, 14, 11, 19, 15, 13, 12, 16, 13, 17, 14, 18, 14, 1, 15, 19]
[[10, 19, 1], [12, 11, 2], [1, 10], [15, 2, 11], [2, 16, 12], [16, 17, 13], [18, 19, 14], [11, 19, 15], [13, 12, 16], [13, 17], [14, 18], [14, 1, 15, 19]]
[10, 19, 1, 12, 11, 2, 1, 10, 15, 2, 11, 2, 16, 12, 16, 17, 13, 18, 19, 14, 11, 19, 15, 13, 12, 16, 13, 17, 14, 18, 14, 1, 15, 19]
[[19, 1], [12, 11, 2], [15, 2, 11], [2, 16, 12], [16, 17, 13], [18, 19, 14], [11, 19, 15], [13, 12, 16], [13, 17], [14, 18], [14, 1, 15, 19]]
[19, 1, 12, 11, 2, 15, 2, 11, 2, 16, 12, 16, 17, 13, 18, 19, 14, 11, 19, 15, 13, 12, 16, 13, 17, 14, 18, 14, 1, 15, 19]
[[12, 11, 2], [15, 2, 11], [2, 16, 12], [16, 17, 13], [18, 19, 14], [11, 19, 15], [13, 12, 16], [13, 17], [14, 18], [14, 15, 19]]
[12, 11, 2, 15, 2, 11, 2, 16, 12, 16, 17, 13, 18, 19, 14, 11, 19, 15, 13, 12, 16, 13, 17, 14, 18, 14, 15, 19]
[[12, 11, 2], [15, 2, 11], [2, 16, 12], [16, 13], [18, 19, 14], [11, 19, 15], [13, 12, 16], [14, 18], [14, 15, 19]]
[12, 11, 2, 15, 2, 11, 2, 16, 12, 16, 13, 18, 19, 14, 11, 19, 15, 13, 12, 16, 14, 18, 14, 15, 19]
[[12, 11, 2], [15, 2, 11], [2, 16, 12], [18, 19, 14], [11, 19, 15], [12, 16], [14, 18], [14, 15, 19]]
[12, 11, 2, 15, 2, 11, 2, 16, 12, 18, 19, 14, 11, 19, 15, 12, 16, 14, 18, 14, 15, 19]
[[12, 11, 2], [15, 2, 11], [2, 12], [18, 19, 14], [11, 19, 15], [14, 18], [14, 15, 19]]
[12, 11, 2, 15, 2, 11, 2, 12, 18, 19, 14, 11, 19, 15, 14, 18, 14, 15, 19]
[[11, 2], [15, 2, 11], [18, 19, 14], [11, 19, 15], [14, 18], [14, 15, 19]]
[11, 2, 15, 2, 11, 18, 19, 14, 11, 19, 15, 14, 18, 14, 15, 19]
[[15, 11], [18, 19, 14], [11, 19, 15], [14, 18], [14, 15, 19]]
[15, 11, 18, 19, 14, 11, 19, 15, 14, 18, 14, 15, 19]
[[18, 19, 14], [19, 15], [14, 18], [14, 15, 19]]
[18, 19, 14, 19, 15, 14, 18, 14, 15, 19]
[[18, 19, 14], [14, 18], [14, 19]]
[18, 19, 14, 14, 18, 14, 19]
[[19, 14], [14, 19]]
[19, 14, 14, 19]






















Starting Random 40
Mic: 0.2599000576324614
Interaction: 0.2599000576324614
Mic: 0.08079313589591199
Interaction: 0.08079313589591199
Mic: 0.0
Interaction: 0.0
Mic: 0.08079313589591199
Interaction: 0.08079313589591199
Mic: 0.25350962053803083
Interaction: 0.25350962053803083
Mic: 0.08079313589591199
Interaction: 0.08079313589591199
Mic: 0.29176655471685514
Interaction: 0.29176655471685514
Mic: 1.0000000000000009
Interaction: 1.0000000000000009
Mic: 0.3494084421163191
Interaction: 0.3494084421163191
Mic: 0.38656163669969645
Interaction: 0.38656163669969645
Mic: 0.21421246952666637
Interaction: 0.21421246952666637
Mic: 0.08079313589591199
Interaction: 0.08079313589591199
Mic: 0.2147433140607809
Interaction: 0.2147433140607809
Mic: 0.08079313589591199
Interaction: 0.08079313589591199
Mic: 0.4286131308476185
Interaction: 0.4286131308476185
Interaction: 0.08079313589591199
Mic: 0.08079313589591199
Interaction: 0.08079313589591199
Mic: 0.0
Interaction: 0.0
Mic: 0.08079313589591199
Interaction: 0.08079313589591199
Mic: 0.41796690366734124
Interaction: 0.41796690366734124
	|	-0.4252503177980702 --> 0.2599000576324614 Accepted	|	0.2864152769737395 --> 0.08079313589591199 Rejected	|	0.0 --> 0.0 Rejected	|	0.2864152769737395 --> 0.08079313589591199 Rejected	|	0.08079313589591199 --> 0.25350962053803083 Accepted	|	0.2864152769737395 --> 0.08079313589591199 Rejected	|	0.08079313589591199 --> 0.29176655471685514 Accepted	|	0.7414827399312743 --> 1.0000000000000009 Accepted	|	-0.3926684124912807 --> 0.3494084421163191 Accepted	|	0.29176655471685514 --> 0.38656163669969645 Accepted	|	-0.4133192432980506 --> 0.21421246952666637 Accepted	|	0.38656163669969645 --> 0.08079313589591199 Rejected	|	0.9988455359952023 --> 0.2147433140607809 Rejected	|	0.08079313589591199 --> 0.08079313589591199 Rejected	|	0.0 --> 0.4286131308476185 Accepted	|	-0.1401058395367536 --> 0.08079313589591199 Accepted	|	0.08079313589591199 --> 0.08079313589591199 Rejected	|	0.21421246952666637 --> 0.0 Rejected	|	0.08079313589591199 --> 0.08079313589591199 Rejected	|	0.4286131308476185 --> 0.41796690366734124 Rejected
finished Random 40
Total weight: 4.577783512864606
finished Random 40
[[2, 18, 19, 0], [10, 6, 19, 1], [0, 4, 11, 2], [19, 17, 3], [2, 9, 4], [8, 5], [1, 6], [10, 7], [19, 5, 8], [4, 9], [1, 16, 7, 10], [2, 11], [16, 12], [17, 13], [19, 14], [19, 15], [12, 10, 16], [13, 3, 17], [0, 18], [8, 3, 15, 0, 1, 14, 19]]
[2, 18, 19, 0, 10, 6, 19, 1, 0, 4, 11, 2, 19, 17, 3, 2, 9, 4, 8, 5, 1, 6, 10, 7, 19, 5, 8, 4, 9, 1, 16, 7, 10, 2, 11, 16, 12, 17, 13, 19, 14, 19, 15, 12, 10, 16, 13, 3, 17, 0, 18, 8, 3, 15, 0, 1, 14, 19]
[[2, 18, 19, 0], [10, 6, 19, 1], [0, 4, 11, 2], [19, 17, 3], [2, 9, 4], [1, 6], [10, 7], [19, 8], [4, 9], [1, 16, 7, 10], [2, 11], [16, 12], [17, 13], [19, 14], [19, 15], [12, 10, 16], [13, 3, 17], [0, 18], [8, 3, 15, 0, 1, 14, 19]]
[2, 18, 19, 0, 10, 6, 19, 1, 0, 4, 11, 2, 19, 17, 3, 2, 9, 4, 1, 6, 10, 7, 19, 8, 4, 9, 1, 16, 7, 10, 2, 11, 16, 12, 17, 13, 19, 14, 19, 15, 12, 10, 16, 13, 3, 17, 0, 18, 8, 3, 15, 0, 1, 14, 19]
[[2, 18, 19, 0], [10, 19, 1], [0, 4, 11, 2], [19, 17, 3], [2, 9, 4], [10, 7], [19, 8], [4, 9], [1, 16, 7, 10], [2, 11], [16, 12], [17, 13], [19, 14], [19, 15], [12, 10, 16], [13, 3, 17], [0, 18], [8, 3, 15, 0, 1, 14, 19]]
[2, 18, 19, 0, 10, 19, 1, 0, 4, 11, 2, 19, 17, 3, 2, 9, 4, 10, 7, 19, 8, 4, 9, 1, 16, 7, 10, 2, 11, 16, 12, 17, 13, 19, 14, 19, 15, 12, 10, 16, 13, 3, 17, 0, 18, 8, 3, 15, 0, 1, 14, 19]
[[2, 18, 19, 0], [10, 19, 1], [0, 4, 11, 2], [19, 17, 3], [2, 9, 4], [19, 8], [4, 9], [1, 16, 10], [2, 11], [16, 12], [17, 13], [19, 14], [19, 15], [12, 10, 16], [13, 3, 17], [0, 18], [8, 3, 15, 0, 1, 14, 19]]
[2, 18, 19, 0, 10, 19, 1, 0, 4, 11, 2, 19, 17, 3, 2, 9, 4, 19, 8, 4, 9, 1, 16, 10, 2, 11, 16, 12, 17, 13, 19, 14, 19, 15, 12, 10, 16, 13, 3, 17, 0, 18, 8, 3, 15, 0, 1, 14, 19]
[[2, 18, 19, 0], [10, 19, 1], [0, 4, 11, 2], [19, 17, 3], [2, 9, 4], [4, 9], [1, 16, 10], [2, 11], [16, 12], [17, 13], [19, 14], [19, 15], [12, 10, 16], [13, 3, 17], [0, 18], [3, 15, 0, 1, 14, 19]]
[2, 18, 19, 0, 10, 19, 1, 0, 4, 11, 2, 19, 17, 3, 2, 9, 4, 4, 9, 1, 16, 10, 2, 11, 16, 12, 17, 13, 19, 14, 19, 15, 12, 10, 16, 13, 3, 17, 0, 18, 3, 15, 0, 1, 14, 19]
[[2, 18, 19, 0], [10, 19, 1], [0, 4, 11, 2], [19, 17, 3], [2, 4], [1, 16, 10], [2, 11], [16, 12], [17, 13], [19, 14], [19, 15], [12, 10, 16], [13, 3, 17], [0, 18], [3, 15, 0, 1, 14, 19]]
[2, 18, 19, 0, 10, 19, 1, 0, 4, 11, 2, 19, 17, 3, 2, 4, 1, 16, 10, 2, 11, 16, 12, 17, 13, 19, 14, 19, 15, 12, 10, 16, 13, 3, 17, 0, 18, 3, 15, 0, 1, 14, 19]
[[2, 18, 19, 0], [10, 19, 1], [0, 11, 2], [19, 17, 3], [1, 16, 10], [2, 11], [16, 12], [17, 13], [19, 14], [19, 15], [12, 10, 16], [13, 3, 17], [0, 18], [3, 15, 0, 1, 14, 19]]
[2, 18, 19, 0, 10, 19, 1, 0, 11, 2, 19, 17, 3, 1, 16, 10, 2, 11, 16, 12, 17, 13, 19, 14, 19, 15, 12, 10, 16, 13, 3, 17, 0, 18, 3, 15, 0, 1, 14, 19]
[[2, 18, 19, 0], [10, 19, 1], [0, 2], [19, 17, 3], [1, 16, 10], [16, 12], [17, 13], [19, 14], [19, 15], [12, 10, 16], [13, 3, 17], [0, 18], [3, 15, 0, 1, 14, 19]]
[2, 18, 19, 0, 10, 19, 1, 0, 2, 19, 17, 3, 1, 16, 10, 16, 12, 17, 13, 19, 14, 19, 15, 12, 10, 16, 13, 3, 17, 0, 18, 3, 15, 0, 1, 14, 19]
[[18, 19, 0], [10, 19, 1], [19, 17, 3], [1, 16, 10], [16, 12], [17, 13], [19, 14], [19, 15], [12, 10, 16], [13, 3, 17], [0, 18], [3, 15, 0, 1, 14, 19]]
[18, 19, 0, 10, 19, 1, 19, 17, 3, 1, 16, 10, 16, 12, 17, 13, 19, 14, 19, 15, 12, 10, 16, 13, 3, 17, 0, 18, 3, 15, 0, 1, 14, 19]
[[18, 19, 0], [10, 19, 1], [19, 17, 3], [1, 16, 10], [17, 13], [19, 14], [19, 15], [10, 16], [13, 3, 17], [0, 18], [3, 15, 0, 1, 14, 19]]
[18, 19, 0, 10, 19, 1, 19, 17, 3, 1, 16, 10, 17, 13, 19, 14, 19, 15, 10, 16, 13, 3, 17, 0, 18, 3, 15, 0, 1, 14, 19]
[[18, 19, 0], [10, 19, 1], [19, 17, 3], [1, 16, 10], [19, 14], [19, 15], [10, 16], [3, 17], [0, 18], [3, 15, 0, 1, 14, 19]]
[18, 19, 0, 10, 19, 1, 19, 17, 3, 1, 16, 10, 19, 14, 19, 15, 10, 16, 3, 17, 0, 18, 3, 15, 0, 1, 14, 19]
[[18, 19, 0], [10, 19, 1], [19, 17, 3], [1, 16, 10], [19, 15], [10, 16], [3, 17], [0, 18], [3, 15, 0, 1, 19]]
[18, 19, 0, 10, 19, 1, 19, 17, 3, 1, 16, 10, 19, 15, 10, 16, 3, 17, 0, 18, 3, 15, 0, 1, 19]
[[18, 19, 0], [10, 19, 1], [19, 17, 3], [1, 16, 10], [10, 16], [3, 17], [0, 18], [3, 0, 1, 19]]
[18, 19, 0, 10, 19, 1, 19, 17, 3, 1, 16, 10, 10, 16, 3, 17, 0, 18, 3, 0, 1, 19]
[[18, 19, 0], [10, 19, 1], [19, 17, 3], [1, 10], [3, 17], [0, 18], [3, 0, 1, 19]]
[18, 19, 0, 10, 19, 1, 19, 17, 3, 1, 10, 3, 17, 0, 18, 3, 0, 1, 19]
[[18, 19, 0], [19, 1], [19, 17, 3], [3, 17], [0, 18], [3, 0, 1, 19]]
[18, 19, 0, 19, 1, 19, 17, 3, 3, 17, 0, 18, 3, 0, 1, 19]
[[18, 19, 0], [19, 17, 3], [3, 17], [0, 18], [3, 0, 19]]
[18, 19, 0, 19, 17, 3, 3, 17, 0, 18, 3, 0, 19]
[[18, 19, 0], [19, 3], [0, 18], [3, 0, 19]]
[18, 19, 0, 19, 3, 0, 18, 3, 0, 19]
[[18, 19, 0], [0, 18], [0, 19]]
[18, 19, 0, 0, 18, 0, 19]
[[19, 0], [0, 19]]
[19, 0, 0, 19]






















Starting Random 240
Mic: 0.2086123591415614
Interaction: 0.2086123591415614
Mic: 0.22479944347331854
Interaction: 0.22479944347331854
Mic: 0.30527566227646646
Interaction: 0.30527566227646646
Mic: 0.21367674869176204
Interaction: 0.21367674869176204
Mic: 0.08079313589591199
Interaction: 0.08079313589591199
Mic: 0.24229218908241557
Interaction: 0.24229218908241557
Mic: 0.0
Interaction: 0.0
Mic: 0.2855217439441417
Interaction: 0.2855217439441417
Mic: 0.23234168251558965
Interaction: 0.23234168251558965
Mic: 0.2338631531398693
Interaction: 0.2338631531398693
Mic: 1.0000000000000009
Interaction: 1.0000000000000009
Mic: 0.08079313589591199
Interaction: 0.08079313589591199
Mic: 0.08079313589591199
Interaction: 0.08079313589591199
Mic: 0.08079313589591199
Interaction: 0.08079313589591199
Mic: 0.08079313589591199
Interaction: 0.08079313589591199
Mic: 0.0
Interaction: 0.0
Mic: 0.0
Interaction: 0.0
Mic: 0.08079313589591199
Interaction: 0.08079313589591199
Mic: 0.2335713526241083
Interaction: 0.2335713526241083
Mic: 0.0
Interaction: 0.0
Mic: 0.19439185783157678
Interaction: 0.19439185783157678
Mic: 0.3284542717128258
Interaction: 0.3284542717128258
Mic: 0.2599000576324614
Interaction: 0.2599000576324614
Mic: 0.0
Interaction: 0.0
Interaction: 0.08079313589591199
Mic: 0.25688286981022057
Interaction: 0.25688286981022057
Mic: 0.9988455359952023
Interaction: 0.9988455359952023
Mic: 0.2657069979874925
Interaction: 0.2657069979874925
Mic: 0.2637157955305754
Interaction: 0.2637157955305754
Mic: 0.25350962053803083
Interaction: 0.25350962053803083
Mic: 0.9043814577244942
Interaction: 0.9043814577244942
Mic: 0.08079313589591199
Interaction: 0.08079313589591199
Mic: 0.0
Interaction: 0.0
Mic: 0.3874900341456656
Interaction: 0.3874900341456656
Mic: 0.26639695711595685
Interaction: 0.26639695711595685
Mic: 0.08079313589591199
Interaction: 0.08079313589591199
Mic: 0.2573948501522423
Interaction: 0.2573948501522423
Mic: 0.08079313589591199
Interaction: 0.08079313589591199
Mic: 0.2956964794386446
Interaction: 0.2956964794386446
Mic: 0.08079313589591199
Interaction: 0.08079313589591199
Mic: 0.0
Interaction: 0.0
Mic: 0.0
Interaction: 0.0
Mic: 0.08079313589591199
Interaction: 0.08079313589591199
Mic: 0.0
Interaction: 0.0
Interaction: 0.25688286981022057
Mic: 0.0
Interaction: 0.0
Mic: 0.24229218908241557
Interaction: 0.24229218908241557
Mic: 0.0
Interaction: 0.0
Interaction: 0.08079313589591199
Interaction: 0.2657069979874925
Mic: 0.0
Interaction: 0.0
Mic: 0.08079313589591199
Interaction: 0.08079313589591199
Mic: 0.08079313589591199
Interaction: 0.08079313589591199
Interaction: 0.08079313589591199
Mic: 0.49488432993562875
Interaction: 0.49488432993562875
Mic: 0.0
Interaction: 0.0
Mic: 0.08079313589591199
Interaction: 0.08079313589591199
Mic: 0.19439185783157678
Interaction: 0.19439185783157678
Mic: 0.3284542717128258
Interaction: 0.3284542717128258
Mic: 0.0
Interaction: 0.0
Mic: 0.0
Interaction: 0.0
Mic: 0.701904120659819
Interaction: 0.701904120659819
Mic: 0.26639695711595685
Interaction: 0.26639695711595685
Mic: 0.21358616009119719
Interaction: 0.21358616009119719
Mic: 0.0
Interaction: 0.0
Mic: 0.3756869791745199
Interaction: 0.3756869791745199
Mic: 0.0
Interaction: 0.0
Interaction: 0.08079313589591199
Mic: 0.0
Interaction: 0.0
Mic: 1.0000000000000009
Interaction: 1.0000000000000009
Interaction: 0.08079313589591199
Mic: 0.0
Interaction: 0.0
Mic: 0.08079313589591199
Interaction: 0.08079313589591199
Mic: 0.701904120659819
Interaction: 0.701904120659819
Mic: 0.0
Interaction: 0.0
Interaction: 0.08079313589591199
Mic: 0.45247485705284773
Interaction: 0.45247485705284773
Interaction: 0.24168543875585566
Mic: 0.23234168251558965
Interaction: 0.23234168251558965
Mic: 0.2500112477666427
Interaction: 0.2500112477666427
Mic: 0.0
Interaction: 0.0
Mic: 0.23234168251558965
Interaction: 0.23234168251558965
Mic: 0.0
Interaction: 0.0
Interaction: 0.08079313589591199
Mic: 0.46381955342016085
Interaction: 0.46381955342016085
Mic: 0.21008598858329272
Interaction: 0.21008598858329272
Mic: 0.3284542717128258
Interaction: 0.3284542717128258
Mic: 0.0
Interaction: 0.0
Mic: 0.19439185783157678
Interaction: 0.19439185783157678
Mic: 0.0
Interaction: 0.0
Mic: 0.20473341989517121
Interaction: 0.20473341989517121
Mic: 0.08079313589591199
Interaction: 0.08079313589591199
Mic: 0.08079313589591199
Interaction: 0.08079313589591199
Mic: 0.0
Interaction: 0.0
Interaction: 0.08079313589591199
Interaction: 0.2599000576324614
Interaction: 0.08079313589591199
Mic: 0.0
Interaction: 0.0
Mic: 0.2472411249539521
Interaction: 0.2472411249539521
Mic: 0.08079313589591199
Interaction: 0.08079313589591199
Mic: 0.08079313589591199
Interaction: 0.08079313589591199
Mic: 0.28639695711595686
Interaction: 0.28639695711595686
Mic: 0.0
Interaction: 0.0
Mic: 0.3064684524345352
Interaction: 0.3064684524345352
Interaction: 0.3756869791745199
Mic: 0.0
Interaction: 0.0
Mic: 0.2472411249539521
Interaction: 0.2472411249539521
Mic: 0.0
Interaction: 0.0
Mic: 0.0
Interaction: 0.0
Interaction: 0.3284542717128258
Interaction: 0.701904120659819
Mic: 0.0
Interaction: 0.0
Interaction: 0.24168543875585566
Mic: 0.0
Interaction: 0.0
Mic: 0.08079313589591199
Interaction: 0.08079313589591199
Interaction: 0.3064684524345352
Mic: 0.24168543875585566
Interaction: 0.24168543875585566
Interaction: 0.20670038405309485
Mic: 0.23539939830030937
Interaction: 0.23539939830030937
Mic: 0.0
Interaction: 0.0
Interaction: 0.25350962053803083
Mic: 0.1801573205763404
Interaction: 0.1801573205763404
Mic: 0.0
Interaction: 0.0
Mic: 0.08079313589591199
Interaction: 0.08079313589591199
Interaction: 0.3064684524345352
Interaction: 0.08079313589591199
Mic: 0.08079313589591199
Interaction: 0.08079313589591199
Mic: 0.0
Interaction: 0.0
Mic: 0.0
Interaction: 0.0
Mic: 0.08079313589591199
Interaction: 0.08079313589591199
Interaction: 0.08079313589591199
Interaction: 0.2472411249539521
Interaction: 0.21008598858329272
Interaction: 0.2472411249539521
Mic: 0.08079313589591199
Interaction: 0.08079313589591199
Interaction: 0.08079313589591199
Interaction: 0.2637157955305754
Mic: 0.08079313589591199
Interaction: 0.08079313589591199
Mic: 0.19857137881057713
Interaction: 0.19857137881057713
Mic: 0.08079313589591199
Interaction: 0.08079313589591199
Mic: 1.0000000000000009
Interaction: 1.0000000000000009
Mic: 1.0000000000000009
Interaction: 1.0000000000000009
Mic: 0.0
Interaction: 0.0
Mic: 0.0
Interaction: 0.0
Mic: 0.08079313589591199
Interaction: 0.08079313589591199
Mic: 1.0000000000000009
Interaction: 1.0000000000000009
Mic: 0.0
Interaction: 0.0
Mic: 0.0
Interaction: 0.0
Interaction: 0.2956964794386446
Mic: 0.29283048566071446
Interaction: 0.29283048566071446
Interaction: 0.24168543875585566
Interaction: 0.23234168251558965
Interaction: 0.08079313589591199
Mic: 0.0
Interaction: 0.0
Mic: 1.0000000000000009
Interaction: 1.0000000000000009
Mic: 0.08079313589591199
Interaction: 0.08079313589591199
Mic: 0.29642135346997656
Interaction: 0.29642135346997656
Mic: 0.9988455359952023
Interaction: 0.9988455359952023
Mic: 0.0
Interaction: 0.0
Mic: 0.0
Interaction: 0.0
Mic: 0.0
Interaction: 0.0
Interaction: 0.3756869791745199
Mic: 0.08079313589591199
Interaction: 0.08079313589591199
Interaction: 0.19857137881057713
Interaction: 0.20670038405309485
Interaction: 0.08079313589591199
Mic: 0.0
Interaction: 0.0
Mic: 0.0
Interaction: 0.0
Mic: 0.08079313589591199
Interaction: 0.08079313589591199
Mic: 0.1926254049044616
Interaction: 0.1926254049044616
Mic: 0.08079313589591199
Interaction: 0.08079313589591199
Mic: 0.0
Interaction: 0.0
Interaction: 0.08079313589591199
Mic: 0.0
Interaction: 0.0
Mic: 0.3209293648944506
Interaction: 0.3209293648944506
Mic: 0.0
Interaction: 0.0
Interaction: 0.08079313589591199
Interaction: 0.1926254049044616
Mic: 1.0000000000000009
Interaction: 1.0000000000000009
Mic: 0.08079313589591199
Interaction: 0.08079313589591199
Interaction: 0.701904120659819
Interaction: 0.08079313589591199
Interaction: 0.4286131308476185
Interaction: 0.08079313589591199
Mic: 0.17011424763091906
Interaction: 0.17011424763091906
Mic: 0.18027287828096822
Interaction: 0.18027287828096822
Mic: 0.24120089552893695
Interaction: 0.24120089552893695
Mic: 0.20683121854938463
Interaction: 0.20683121854938463
Mic: 0.0
Interaction: 0.0
Interaction: 0.08079313589591199
Interaction: 0.25350962053803083
Mic: 0.0
Interaction: 0.0
Mic: 0.0
Interaction: 0.0
Mic: 0.0
Interaction: 0.0
Mic: 0.0
Interaction: 0.0
Mic: 0.0
Interaction: 0.0
Mic: 0.18753939578396406
Interaction: 0.18753939578396406
Mic: 0.0
Interaction: 0.0
Mic: 0.08079313589591199
Interaction: 0.08079313589591199
Mic: 0.3318653164856427
Interaction: 0.3318653164856427
	|	0.3494084421163191 --> 0.2086123591415614 Rejected	|	0.21421246952666637 --> 0.22479944347331854 Accepted	|	1.0000000000000009 --> 0.30527566227646646 Rejected	|	0.20670038405309485 --> 0.21367674869176204 Accepted	|	0.2864152769737395 --> 0.08079313589591199 Rejected	|	0.3494084421163191 --> 0.24229218908241557 Rejected	|	0.2599000576324614 --> 0.0 Rejected	|	1.0000000000000009 --> 0.2855217439441417 Rejected	|	0.9988455359952023 --> 0.23234168251558965 Rejected	|	0.9988455359952023 --> 0.2338631531398693 Rejected	|	0.4286131308476185 --> 1.0000000000000009 Accepted	|	0.08079313589591199 --> 0.08079313589591199 Rejected	|	0.0 --> 0.08079313589591199 Accepted	|	0.38656163669969645 --> 0.08079313589591199 Rejected	|	0.0 --> 0.08079313589591199 Accepted	|	0.38656163669969645 --> 0.0 Rejected	|	0.08079313589591199 --> 0.0 Rejected	|	0.3494084421163191 --> 0.08079313589591199 Rejected	|	0.25350962053803083 --> 0.2335713526241083 Rejected	|	0.24168543875585566 --> 0.0 Rejected	|	0.22479944347331854 --> 0.19439185783157678 Rejected	|	0.2864152769737395 --> 0.3284542717128258 Accepted	|	0.2599000576324614 --> 0.2599000576324614 Rejected	|	1.0000000000000009 --> 0.0 Rejected	|	0.08079313589591199 --> 0.08079313589591199 Rejected	|	0.2599000576324614 --> 0.25688286981022057 Rejected	|	0.2366230690162837 --> 0.9988455359952023 Accepted	|	0.25350962053803083 --> 0.2657069979874925 Accepted	|	-0.3862918539778142 --> 0.2637157955305754 Accepted	|	0.2657069979874925 --> 0.25350962053803083 Rejected	|	1.0000000000000009 --> 0.9043814577244942 Rejected	|	0.08079313589591199 --> 0.08079313589591199 Rejected	|	0.38656163669969645 --> 0.0 Rejected	|	0.2657069979874925 --> 0.3874900341456656 Accepted	|	0.22479944347331854 --> 0.26639695711595685 Accepted	|	0.08079313589591199 --> 0.08079313589591199 Rejected	|	0.3874900341456656 --> 0.2573948501522423 Rejected	|	0.38656163669969645 --> 0.08079313589591199 Rejected	|	0.3874900341456656 --> 0.2956964794386446 Rejected	|	0.08079313589591199 --> 0.08079313589591199 Rejected	|	0.9988455359952023 --> 0.0 Rejected	|	0.3284542717128258 --> 0.0 Rejected	|	0.08079313589591199 --> 0.08079313589591199 Rejected	|	1.0000000000000009 --> 0.0 Rejected	|	0.2599000576324614 --> 0.25688286981022057 Rejected	|	0.21367674869176204 --> 0.0 Rejected	|	0.3494084421163191 --> 0.24229218908241557 Rejected	|	0.21367674869176204 --> 0.0 Rejected	|	0.08079313589591199 --> 0.08079313589591199 Rejected	|	0.3874900341456656 --> 0.2657069979874925 Rejected	|	1.0000000000000009 --> 0.0 Rejected	|	0.08079313589591199 --> 0.08079313589591199 Rejected	|	0.2637157955305754 --> 0.08079313589591199 Rejected	|	0.08079313589591199 --> 0.08079313589591199 Rejected	|	0.2637157955305754 --> 0.49488432993562875 Accepted	|	0.9988455359952023 --> 0.0 Rejected	|	0.08079313589591199 --> 0.08079313589591199 Rejected	|	0.3494084421163191 --> 0.19439185783157678 Rejected	|	0.3284542717128258 --> 0.3284542717128258 Rejected	|	0.08079313589591199 --> 0.0 Rejected	|	0.2599000576324614 --> 0.0 Rejected	|	0.24168543875585566 --> 0.701904120659819 Accepted	|	0.26639695711595685 --> 0.26639695711595685 Rejected	|	-0.1407791030002854 --> 0.21358616009119719 Accepted	|	0.08079313589591199 --> 0.0 Rejected	|	0.49488432993562875 --> 0.3756869791745199 Rejected	|	0.08079313589591199 --> 0.0 Rejected	|	0.3284542717128258 --> 0.08079313589591199 Rejected	|	0.3494084421163191 --> 0.0 Rejected	|	0.2599000576324614 --> 1.0000000000000009 Accepted	|	0.08079313589591199 --> 0.08079313589591199 Rejected	|	0.3284542717128258 --> 0.0 Rejected	|	0.08079313589591199 --> 0.08079313589591199 Rejected	|	1.0000000000000009 --> 0.701904120659819 Rejected	|	0.9988455359952023 --> 0.0 Rejected	|	0.08079313589591199 --> 0.08079313589591199 Rejected	|	0.9988455359952023 --> 0.45247485705284773 Rejected	|	0.701904120659819 --> 0.24168543875585566 Rejected	|	1.0000000000000009 --> 0.23234168251558965 Rejected	|	0.3494084421163191 --> 0.2500112477666427 Rejected	|	0.21367674869176204 --> 0.0 Rejected	|	1.0000000000000009 --> 0.23234168251558965 Rejected	|	0.08079313589591199 --> 0.0 Rejected	|	0.08079313589591199 --> 0.08079313589591199 Rejected	|	0.3874900341456656 --> 0.46381955342016085 Accepted	|	0.46381955342016085 --> 0.21008598858329272 Rejected	|	0.3284542717128258 --> 0.3284542717128258 Rejected	|	1.0000000000000009 --> 0.0 Rejected	|	0.3284542717128258 --> 0.19439185783157678 Rejected	|	0.701904120659819 --> 0.0 Rejected	|	0.38656163669969645 --> 0.20473341989517121 Rejected	|	0.08079313589591199 --> 0.08079313589591199 Rejected	|	0.08079313589591199 --> 0.08079313589591199 Rejected	|	1.0000000000000009 --> 0.0 Rejected	|	0.08079313589591199 --> 0.08079313589591199 Rejected	|	1.0000000000000009 --> 0.2599000576324614 Rejected	|	1.0000000000000009 --> 0.08079313589591199 Rejected	|	0.3284542717128258 --> 0.0 Rejected	|	0.49488432993562875 --> 0.2472411249539521 Rejected	|	0.08079313589591199 --> 0.08079313589591199 Rejected	|	1.0000000000000009 --> 0.08079313589591199 Rejected	|	1.0000000000000009 --> 0.28639695711595686 Rejected	|	0.3494084421163191 --> 0.0 Rejected	|	0.3494084421163191 --> 0.3064684524345352 Rejected	|	0.9988455359952023 --> 0.3756869791745199 Rejected	|	0.9988455359952023 --> 0.0 Rejected	|	0.9988455359952023 --> 0.2472411249539521 Rejected	|	1.0000000000000009 --> 0.0 Rejected	|	1.0000000000000009 --> 0.0 Rejected	|	0.3284542717128258 --> 0.3284542717128258 Rejected	|	0.701904120659819 --> 0.701904120659819 Rejected	|	0.26639695711595685 --> 0.0 Rejected	|	0.3494084421163191 --> 0.24168543875585566 Rejected	|	0.49488432993562875 --> 0.0 Rejected	|	0.08079313589591199 --> 0.08079313589591199 Rejected	|	0.9988455359952023 --> 0.3064684524345352 Rejected	|	0.701904120659819 --> 0.24168543875585566 Rejected	|	0.21367674869176204 --> 0.20670038405309485 Rejected	|	0.38656163669969645 --> 0.23539939830030937 Rejected	|	0.49488432993562875 --> 0.0 Rejected	|	0.3494084421163191 --> 0.25350962053803083 Rejected	|	0.21367674869176204 --> 0.1801573205763404 Rejected	|	0.3494084421163191 --> 0.0 Rejected	|	0.08079313589591199 --> 0.08079313589591199 Rejected	|	0.38656163669969645 --> 0.3064684524345352 Rejected	|	0.08079313589591199 --> 0.08079313589591199 Rejected	|	0.08079313589591199 --> 0.08079313589591199 Rejected	|	0.38656163669969645 --> 0.0 Rejected	|	0.49488432993562875 --> 0.0 Rejected	|	0.08079313589591199 --> 0.08079313589591199 Rejected	|	0.08079313589591199 --> 0.08079313589591199 Rejected	|	1.0000000000000009 --> 0.2472411249539521 Rejected	|	0.26639695711595685 --> 0.21008598858329272 Rejected	|	1.0000000000000009 --> 0.2472411249539521 Rejected	|	0.08079313589591199 --> 0.08079313589591199 Rejected	|	0.08079313589591199 --> 0.08079313589591199 Rejected	|	0.9988455359952023 --> 0.2637157955305754 Rejected	|	0.49488432993562875 --> 0.08079313589591199 Rejected	|	0.38656163669969645 --> 0.19857137881057713 Rejected	|	1.0000000000000009 --> 0.08079313589591199 Rejected	|	0.9988455359952023 --> 1.0000000000000009 Accepted	|	0.701904120659819 --> 1.0000000000000009 Accepted	|	0.21358616009119719 --> 0.0 Rejected	|	1.0000000000000009 --> 0.0 Rejected	|	0.08079313589591199 --> 0.08079313589591199 Rejected	|	0.38656163669969645 --> 1.0000000000000009 Accepted	|	0.08079313589591199 --> 0.0 Rejected	|	1.0000000000000009 --> 0.0 Rejected	|	0.26639695711595685 --> 0.2956964794386446 Accepted	|	1.0000000000000009 --> 0.29283048566071446 Rejected	|	1.0000000000000009 --> 0.24168543875585566 Rejected	|	1.0000000000000009 --> 0.23234168251558965 Rejected	|	0.08079313589591199 --> 0.08079313589591199 Rejected	|	1.0000000000000009 --> 0.0 Rejected	|	0.2956964794386446 --> 1.0000000000000009 Accepted	|	0.08079313589591199 --> 0.08079313589591199 Rejected	|	1.0000000000000009 --> 0.29642135346997656 Rejected	|	0.46381955342016085 --> 0.9988455359952023 Accepted	|	0.21358616009119719 --> 0.0 Rejected	|	0.3494084421163191 --> 0.0 Rejected	|	0.08079313589591199 --> 0.0 Rejected	|	1.0000000000000009 --> 0.3756869791745199 Rejected	|	0.08079313589591199 --> 0.08079313589591199 Rejected	|	1.0000000000000009 --> 0.19857137881057713 Rejected	|	0.21367674869176204 --> 0.20670038405309485 Rejected	|	0.21358616009119719 --> 0.08079313589591199 Rejected	|	0.21367674869176204 --> 0.0 Rejected	|	0.9988455359952023 --> 0.0 Rejected	|	0.08079313589591199 --> 0.08079313589591199 Rejected	|	0.49488432993562875 --> 0.1926254049044616 Rejected	|	1.0000000000000009 --> 0.08079313589591199 Rejected	|	0.08079313589591199 --> 0.0 Rejected	|	0.21367674869176204 --> 0.08079313589591199 Rejected	|	1.0000000000000009 --> 0.0 Rejected	|	0.9988455359952023 --> 0.3209293648944506 Rejected	|	1.0000000000000009 --> 0.0 Rejected	|	0.08079313589591199 --> 0.08079313589591199 Rejected	|	1.0000000000000009 --> 0.1926254049044616 Rejected	|	0.9988455359952023 --> 1.0000000000000009 Accepted	|	0.08079313589591199 --> 0.08079313589591199 Rejected	|	1.0000000000000009 --> 0.701904120659819 Rejected	|	1.0000000000000009 --> 0.08079313589591199 Rejected	|	0.3284542717128258 --> 0.4286131308476185 Accepted	|	0.08079313589591199 --> 0.08079313589591199 Rejected	|	0.49488432993562875 --> 0.17011424763091906 Rejected	|	0.3494084421163191 --> 0.18027287828096822 Rejected	|	0.49488432993562875 --> 0.24120089552893695 Rejected	|	1.0000000000000009 --> 0.20683121854938463 Rejected	|	1.0000000000000009 --> 0.0 Rejected	|	0.08079313589591199 --> 0.08079313589591199 Rejected	|	0.4286131308476185 --> 0.25350962053803083 Rejected	|	1.0000000000000009 --> 0.0 Rejected	|	1.0000000000000009 --> 0.0 Rejected	|	0.08079313589591199 --> 0.0 Rejected	|	0.08079313589591199 --> 0.0 Rejected	|	0.08079313589591199 --> 0.0 Rejected	|	0.3494084421163191 --> 0.18753939578396406 Rejected	|	1.0000000000000009 --> 0.0 Rejected	|	0.08079313589591199 --> 0.08079313589591199 Rejected	|	1.0000000000000009 --> 0.3318653164856427 Rejected
finished Random 240
Total weight: 11.102980027157294
finished Random 240
[[12, 3, 15, 0], [7, 19, 1], [4, 11, 5, 2], [17, 0, 3], [2, 6, 4], [8, 17, 2, 5], [4, 6], [1, 16, 10, 13, 7], [5, 8], [16, 9], [17, 7, 10], [2, 11], [0, 12], [7, 13], [19, 14], [0, 15], [9, 7, 16], [5, 10, 3, 17], [19, 18], [18, 1, 14, 19]]
[12, 3, 15, 0, 7, 19, 1, 4, 11, 5, 2, 17, 0, 3, 2, 6, 4, 8, 17, 2, 5, 4, 6, 1, 16, 10, 13, 7, 5, 8, 16, 9, 17, 7, 10, 2, 11, 0, 12, 7, 13, 19, 14, 0, 15, 9, 7, 16, 5, 10, 3, 17, 19, 18, 18, 1, 14, 19]
[[12, 3, 15, 0], [7, 19, 1], [4, 11, 5, 2], [17, 0, 3], [2, 4], [8, 17, 2, 5], [1, 16, 10, 13, 7], [5, 8], [16, 9], [17, 7, 10], [2, 11], [0, 12], [7, 13], [19, 14], [0, 15], [9, 7, 16], [5, 10, 3, 17], [19, 18], [18, 1, 14, 19]]
[12, 3, 15, 0, 7, 19, 1, 4, 11, 5, 2, 17, 0, 3, 2, 4, 8, 17, 2, 5, 1, 16, 10, 13, 7, 5, 8, 16, 9, 17, 7, 10, 2, 11, 0, 12, 7, 13, 19, 14, 0, 15, 9, 7, 16, 5, 10, 3, 17, 19, 18, 18, 1, 14, 19]
[[12, 3, 15, 0], [7, 19, 1], [11, 5, 2], [17, 0, 3], [8, 17, 2, 5], [1, 16, 10, 13, 7], [5, 8], [16, 9], [17, 7, 10], [2, 11], [0, 12], [7, 13], [19, 14], [0, 15], [9, 7, 16], [5, 10, 3, 17], [19, 18], [18, 1, 14, 19]]
[12, 3, 15, 0, 7, 19, 1, 11, 5, 2, 17, 0, 3, 8, 17, 2, 5, 1, 16, 10, 13, 7, 5, 8, 16, 9, 17, 7, 10, 2, 11, 0, 12, 7, 13, 19, 14, 0, 15, 9, 7, 16, 5, 10, 3, 17, 19, 18, 18, 1, 14, 19]
[[12, 3, 15, 0], [7, 19, 1], [11, 5, 2], [17, 0, 3], [17, 2, 5], [1, 16, 10, 13, 7], [16, 9], [17, 7, 10], [2, 11], [0, 12], [7, 13], [19, 14], [0, 15], [9, 7, 16], [5, 10, 3, 17], [19, 18], [18, 1, 14, 19]]
[12, 3, 15, 0, 7, 19, 1, 11, 5, 2, 17, 0, 3, 17, 2, 5, 1, 16, 10, 13, 7, 16, 9, 17, 7, 10, 2, 11, 0, 12, 7, 13, 19, 14, 0, 15, 9, 7, 16, 5, 10, 3, 17, 19, 18, 18, 1, 14, 19]
[[12, 3, 15, 0], [7, 19, 1], [11, 5, 2], [17, 0, 3], [17, 2, 5], [1, 16, 10, 13, 7], [17, 7, 10], [2, 11], [0, 12], [7, 13], [19, 14], [0, 15], [7, 16], [5, 10, 3, 17], [19, 18], [18, 1, 14, 19]]
[12, 3, 15, 0, 7, 19, 1, 11, 5, 2, 17, 0, 3, 17, 2, 5, 1, 16, 10, 13, 7, 17, 7, 10, 2, 11, 0, 12, 7, 13, 19, 14, 0, 15, 7, 16, 5, 10, 3, 17, 19, 18, 18, 1, 14, 19]
[[12, 3, 15, 0], [7, 19, 1], [5, 2], [17, 0, 3], [17, 2, 5], [1, 16, 10, 13, 7], [17, 7, 10], [0, 12], [7, 13], [19, 14], [0, 15], [7, 16], [5, 10, 3, 17], [19, 18], [18, 1, 14, 19]]
[12, 3, 15, 0, 7, 19, 1, 5, 2, 17, 0, 3, 17, 2, 5, 1, 16, 10, 13, 7, 17, 7, 10, 0, 12, 7, 13, 19, 14, 0, 15, 7, 16, 5, 10, 3, 17, 19, 18, 18, 1, 14, 19]
[[12, 3, 15, 0], [7, 19, 1], [17, 0, 3], [17, 5], [1, 16, 10, 13, 7], [17, 7, 10], [0, 12], [7, 13], [19, 14], [0, 15], [7, 16], [5, 10, 3, 17], [19, 18], [18, 1, 14, 19]]
[12, 3, 15, 0, 7, 19, 1, 17, 0, 3, 17, 5, 1, 16, 10, 13, 7, 17, 7, 10, 0, 12, 7, 13, 19, 14, 0, 15, 7, 16, 5, 10, 3, 17, 19, 18, 18, 1, 14, 19]
[[12, 3, 15, 0], [7, 19, 1], [17, 0, 3], [1, 16, 10, 13, 7], [17, 7, 10], [0, 12], [7, 13], [19, 14], [0, 15], [7, 16], [10, 3, 17], [19, 18], [18, 1, 14, 19]]
[12, 3, 15, 0, 7, 19, 1, 17, 0, 3, 1, 16, 10, 13, 7, 17, 7, 10, 0, 12, 7, 13, 19, 14, 0, 15, 7, 16, 10, 3, 17, 19, 18, 18, 1, 14, 19]
[[3, 15, 0], [7, 19, 1], [17, 0, 3], [1, 16, 10, 13, 7], [17, 7, 10], [7, 13], [19, 14], [0, 15], [7, 16], [10, 3, 17], [19, 18], [18, 1, 14, 19]]
[3, 15, 0, 7, 19, 1, 17, 0, 3, 1, 16, 10, 13, 7, 17, 7, 10, 7, 13, 19, 14, 0, 15, 7, 16, 10, 3, 17, 19, 18, 18, 1, 14, 19]
[[3, 15, 0], [7, 19, 1], [17, 0, 3], [1, 16, 10, 7], [17, 7, 10], [19, 14], [0, 15], [7, 16], [10, 3, 17], [19, 18], [18, 1, 14, 19]]
[3, 15, 0, 7, 19, 1, 17, 0, 3, 1, 16, 10, 7, 17, 7, 10, 19, 14, 0, 15, 7, 16, 10, 3, 17, 19, 18, 18, 1, 14, 19]
[[3, 15, 0], [7, 19, 1], [17, 0, 3], [1, 16, 10, 7], [17, 7, 10], [0, 15], [7, 16], [10, 3, 17], [19, 18], [18, 1, 19]]
[3, 15, 0, 7, 19, 1, 17, 0, 3, 1, 16, 10, 7, 17, 7, 10, 0, 15, 7, 16, 10, 3, 17, 19, 18, 18, 1, 19]
[[3, 0], [7, 19, 1], [17, 0, 3], [1, 16, 10, 7], [17, 7, 10], [7, 16], [10, 3, 17], [19, 18], [18, 1, 19]]
[3, 0, 7, 19, 1, 17, 0, 3, 1, 16, 10, 7, 17, 7, 10, 7, 16, 10, 3, 17, 19, 18, 18, 1, 19]
[[7, 19, 1], [17, 3], [1, 16, 10, 7], [17, 7, 10], [7, 16], [10, 3, 17], [19, 18], [18, 1, 19]]
[7, 19, 1, 17, 3, 1, 16, 10, 7, 17, 7, 10, 7, 16, 10, 3, 17, 19, 18, 18, 1, 19]
[[7, 19, 1], [1, 16, 10, 7], [17, 7, 10], [7, 16], [10, 17], [19, 18], [18, 1, 19]]
[7, 19, 1, 1, 16, 10, 7, 17, 7, 10, 7, 16, 10, 17, 19, 18, 18, 1, 19]
[[7, 19, 1], [1, 10, 7], [17, 7, 10], [10, 17], [19, 18], [18, 1, 19]]
[7, 19, 1, 1, 10, 7, 17, 7, 10, 10, 17, 19, 18, 18, 1, 19]
[[7, 19, 1], [1, 10, 7], [7, 10], [19, 18], [18, 1, 19]]
[7, 19, 1, 1, 10, 7, 7, 10, 19, 18, 18, 1, 19]
[[7, 19, 1], [1, 7], [19, 18], [18, 1, 19]]
[7, 19, 1, 1, 7, 19, 18, 18, 1, 19]
[[19, 1], [19, 18], [18, 1, 19]]
[19, 1, 19, 18, 18, 1, 19]
[[19, 18], [18, 19]]
[19, 18, 18, 19]






















Starting MEET IM
0.1592793450164896, 0.14517214403141887, 1.0000000000000009, 0.23110790023594519, 0.2136174885529354, 0.18764871699296526, 0.27767652576178764, 0.14144054254182073, 0.17375234485218533, 0.22707860259260879, 0.14144054254182073, 0.14144054254182073, 0.14144054254182073, 0.14144054254182073, 1.0000000000000009, 0.21518484225082574, 0.19284792278593646, 0.263361497168471, 0.20299492692665402, 0.18727970314506065, 0.10185764172235333, 0.18774137436978594, 0.18330603578325788, 0.26797444329515774, 0.10185764172235333, 0.10185764172235333, 0.10185764172235333, 0.22395976369850923, 0.10185764172235333, 0.10185764172235333, 0.10185764172235333, 0.10185764172235333, 0.10185764172235333, 0.10185764172235333, 0.20953757918790017, 1.0000000000000009, 1.0000000000000009, 0.50838883637908, 1.0000000000000009, 1.0000000000000009, 0.24069056785560097, 0.26658089923681233, 0.14144054254182073, 0.22245468580722713, 0.16723777604731696, 0.14144054254182073, 0.14144054254182073, 0.14144054254182073, 0.14144054254182073, 0.19987177034314865, 0.29270685299844695, 0.1711660845121564, 0.2417385608078302, 0.26429996045219223, 0.14144054254182073, 0.14144054254182073, 0.14144054254182073, 0.14144054254182073, 0.14144054254182073, 0.14144054254182073, 0.14144054254182073, 0.14144054254182073, 0.14144054254182073, 0.14144054254182073, 0.14144054254182073, 1.0000000000000009, 0.14144054254182073, 0.14144054254182073, 0.14144054254182073, 0.14144054254182073, 1.0000000000000009, 0.18462586369670037, 0.3201495428172058, 0.14144054254182073, 0.22698706339890906, 0.23445336386608948, 0.14144054254182073, 0.14144054254182073, 0.14144054254182073, 0.14144054254182073, 0.2201448740441339, 0.19356420113539308, 0.17714747245528245, 0.3050555419677765, 0.24948446556976261, 0.14144054254182073, 0.14144054254182073, 0.14144054254182073, 0.14144054254182073, 0.14144054254182073, 0.14144054254182073, 0.14144054254182073, 0.14144054254182073, 0.14144054254182073, 0.14144054254182073, 0.14144054254182073, 0.14144054254182073, 0.14144054254182073, 0.14144054254182073, 0.218113760429642, 0.14144054254182073, 0.20129931692767927, 1.0000000000000009, 0.14144054254182073, 0.14144054254182073, 0.14144054254182073, 0.14144054254182073, 0.18705844796947937, 0.24533241825808855, 1.0000000000000009, 0.28465221290570714, 0.289658741163681, 0.14144054254182073, 1.0000000000000009, 0.20457289385023875, 0.14144054254182073, 0.14144054254182073, 0.14144054254182073, 0.14144054254182073, 0.22388512666401814, 1.0000000000000009, 0.19911293784869225, 0.3088604398313887, 0.23516828345978597, 0.0, 0.0, 0.0, 0.0, 0.0, 0.0, 0.0, 0.0, 0.0, 0.0, 0.0, 0.2176369644924484, 0.14144054254182073, 0.14144054254182073, 0.14144054254182073, 0.14144054254182073, 0.14144054254182073, 1.0000000000000009, 0.17480704218312848, 0.34931840708811607, 0.28943474643940015, 0.14144054254182073, 0.14144054254182073, 0.14144054254182073, 0.14144054254182073, 0.20669973678392764, 0.28467946450963877, 1.0000000000000009, 0.2766216475363696, 0.2509386724328928, 0.0, 0.0, 0.0, 0.0, 0.0, 0.0, 0.0, 0.0, 0.0, 0.0, 0.0, 0.0, 0.0, 0.0, 0.0, 0.0, 0.0, 0.0, 0.0, 0.0, 0.0, 0.0, 0.0, 0.0, 0.0, 0.0, 0.21518484225082574, 0.19284792278593646, 0.263361497168471, 0.20299492692665402, 0.20983810669192107, 0.2655721542097858, 0.26989149937426893, 0.19839577513093248, 0.21820001176571194, 1.0000000000000009, finished IM
Total weight: 12.174718240157196
finished MEET
[[3, 15, 8, 11, 12, 13, 14, 0], [18, 19, 1], [4, 5, 3, 2], [0, 2, 3], [2, 7, 4], [2, 5], [10, 17, 19, 6], [9, 16, 4, 7], [0, 8], [7, 18, 9], [6, 10], [0, 11], [0, 12], [0, 13], [0, 14], [0, 15], [7, 16], [6, 17], [1, 9, 18], [1, 6, 19]]
[3, 15, 8, 11, 12, 13, 14, 0, 18, 19, 1, 4, 5, 3, 2, 0, 2, 3, 2, 7, 4, 2, 5, 10, 17, 19, 6, 9, 16, 4, 7, 0, 8, 7, 18, 9, 6, 10, 0, 11, 0, 12, 0, 13, 0, 14, 0, 15, 7, 16, 6, 17, 1, 9, 18, 1, 6, 19]
[[3, 15, 8, 11, 12, 13, 14, 0], [18, 19, 1], [4, 3, 2], [0, 2, 3], [2, 7, 4], [10, 17, 19, 6], [9, 16, 4, 7], [0, 8], [7, 18, 9], [6, 10], [0, 11], [0, 12], [0, 13], [0, 14], [0, 15], [7, 16], [6, 17], [1, 9, 18], [1, 6, 19]]
[3, 15, 8, 11, 12, 13, 14, 0, 18, 19, 1, 4, 3, 2, 0, 2, 3, 2, 7, 4, 10, 17, 19, 6, 9, 16, 4, 7, 0, 8, 7, 18, 9, 6, 10, 0, 11, 0, 12, 0, 13, 0, 14, 0, 15, 7, 16, 6, 17, 1, 9, 18, 1, 6, 19]
[[3, 15, 11, 12, 13, 14, 0], [18, 19, 1], [4, 3, 2], [0, 2, 3], [2, 7, 4], [10, 17, 19, 6], [9, 16, 4, 7], [7, 18, 9], [6, 10], [0, 11], [0, 12], [0, 13], [0, 14], [0, 15], [7, 16], [6, 17], [1, 9, 18], [1, 6, 19]]
[3, 15, 11, 12, 13, 14, 0, 18, 19, 1, 4, 3, 2, 0, 2, 3, 2, 7, 4, 10, 17, 19, 6, 9, 16, 4, 7, 7, 18, 9, 6, 10, 0, 11, 0, 12, 0, 13, 0, 14, 0, 15, 7, 16, 6, 17, 1, 9, 18, 1, 6, 19]
[[3, 15, 11, 12, 13, 14, 0], [18, 19, 1], [4, 3, 2], [0, 2, 3], [2, 7, 4], [17, 19, 6], [9, 16, 4, 7], [7, 18, 9], [0, 11], [0, 12], [0, 13], [0, 14], [0, 15], [7, 16], [6, 17], [1, 9, 18], [1, 6, 19]]
[3, 15, 11, 12, 13, 14, 0, 18, 19, 1, 4, 3, 2, 0, 2, 3, 2, 7, 4, 17, 19, 6, 9, 16, 4, 7, 7, 18, 9, 0, 11, 0, 12, 0, 13, 0, 14, 0, 15, 7, 16, 6, 17, 1, 9, 18, 1, 6, 19]
[[3, 15, 12, 13, 14, 0], [18, 19, 1], [4, 3, 2], [0, 2, 3], [2, 7, 4], [17, 19, 6], [9, 16, 4, 7], [7, 18, 9], [0, 12], [0, 13], [0, 14], [0, 15], [7, 16], [6, 17], [1, 9, 18], [1, 6, 19]]
[3, 15, 12, 13, 14, 0, 18, 19, 1, 4, 3, 2, 0, 2, 3, 2, 7, 4, 17, 19, 6, 9, 16, 4, 7, 7, 18, 9, 0, 12, 0, 13, 0, 14, 0, 15, 7, 16, 6, 17, 1, 9, 18, 1, 6, 19]
[[3, 15, 13, 14, 0], [18, 19, 1], [4, 3, 2], [0, 2, 3], [2, 7, 4], [17, 19, 6], [9, 16, 4, 7], [7, 18, 9], [0, 13], [0, 14], [0, 15], [7, 16], [6, 17], [1, 9, 18], [1, 6, 19]]
[3, 15, 13, 14, 0, 18, 19, 1, 4, 3, 2, 0, 2, 3, 2, 7, 4, 17, 19, 6, 9, 16, 4, 7, 7, 18, 9, 0, 13, 0, 14, 0, 15, 7, 16, 6, 17, 1, 9, 18, 1, 6, 19]
[[3, 15, 14, 0], [18, 19, 1], [4, 3, 2], [0, 2, 3], [2, 7, 4], [17, 19, 6], [9, 16, 4, 7], [7, 18, 9], [0, 14], [0, 15], [7, 16], [6, 17], [1, 9, 18], [1, 6, 19]]
[3, 15, 14, 0, 18, 19, 1, 4, 3, 2, 0, 2, 3, 2, 7, 4, 17, 19, 6, 9, 16, 4, 7, 7, 18, 9, 0, 14, 0, 15, 7, 16, 6, 17, 1, 9, 18, 1, 6, 19]
[[3, 15, 0], [18, 19, 1], [4, 3, 2], [0, 2, 3], [2, 7, 4], [17, 19, 6], [9, 16, 4, 7], [7, 18, 9], [0, 15], [7, 16], [6, 17], [1, 9, 18], [1, 6, 19]]
[3, 15, 0, 18, 19, 1, 4, 3, 2, 0, 2, 3, 2, 7, 4, 17, 19, 6, 9, 16, 4, 7, 7, 18, 9, 0, 15, 7, 16, 6, 17, 1, 9, 18, 1, 6, 19]
[[3, 0], [18, 19, 1], [4, 3, 2], [0, 2, 3], [2, 7, 4], [17, 19, 6], [9, 16, 4, 7], [7, 18, 9], [7, 16], [6, 17], [1, 9, 18], [1, 6, 19]]
[3, 0, 18, 19, 1, 4, 3, 2, 0, 2, 3, 2, 7, 4, 17, 19, 6, 9, 16, 4, 7, 7, 18, 9, 7, 16, 6, 17, 1, 9, 18, 1, 6, 19]
[[18, 19, 1], [4, 3, 2], [2, 3], [2, 7, 4], [17, 19, 6], [9, 16, 4, 7], [7, 18, 9], [7, 16], [6, 17], [1, 9, 18], [1, 6, 19]]
[18, 19, 1, 4, 3, 2, 2, 3, 2, 7, 4, 17, 19, 6, 9, 16, 4, 7, 7, 18, 9, 7, 16, 6, 17, 1, 9, 18, 1, 6, 19]
[[18, 19, 1], [4, 2], [2, 7, 4], [17, 19, 6], [9, 16, 4, 7], [7, 18, 9], [7, 16], [6, 17], [1, 9, 18], [1, 6, 19]]
[18, 19, 1, 4, 2, 2, 7, 4, 17, 19, 6, 9, 16, 4, 7, 7, 18, 9, 7, 16, 6, 17, 1, 9, 18, 1, 6, 19]
[[18, 19, 1], [7, 4], [17, 19, 6], [9, 16, 4, 7], [7, 18, 9], [7, 16], [6, 17], [1, 9, 18], [1, 6, 19]]
[18, 19, 1, 7, 4, 17, 19, 6, 9, 16, 4, 7, 7, 18, 9, 7, 16, 6, 17, 1, 9, 18, 1, 6, 19]
[[18, 19, 1], [17, 19, 6], [9, 16, 7], [7, 18, 9], [7, 16], [6, 17], [1, 9, 18], [1, 6, 19]]
[18, 19, 1, 17, 19, 6, 9, 16, 7, 7, 18, 9, 7, 16, 6, 17, 1, 9, 18, 1, 6, 19]
[[18, 19, 1], [17, 19, 6], [9, 7], [7, 18, 9], [6, 17], [1, 9, 18], [1, 6, 19]]
[18, 19, 1, 17, 19, 6, 9, 7, 7, 18, 9, 6, 17, 1, 9, 18, 1, 6, 19]
[[18, 19, 1], [17, 19, 6], [18, 9], [6, 17], [1, 9, 18], [1, 6, 19]]
[18, 19, 1, 17, 19, 6, 18, 9, 6, 17, 1, 9, 18, 1, 6, 19]
[[18, 19, 1], [17, 19, 6], [6, 17], [1, 18], [1, 6, 19]]
[18, 19, 1, 17, 19, 6, 6, 17, 1, 18, 1, 6, 19]
[[18, 19, 1], [19, 6], [1, 18], [1, 6, 19]]
[18, 19, 1, 19, 6, 1, 18, 1, 6, 19]
[[18, 19, 1], [1, 18], [1, 19]]
[18, 19, 1, 1, 18, 1, 19]
[[19, 1], [1, 19]]
[19, 1, 1, 19]






















FEA MEET
global fitness found:  130747.76399550456
===================================================
fea run  0 130747.76399550456
global fitness found:  32957.18194362867
===================================================
fea run  1 32957.18194362867
global fitness found:  22740.420591308062
===================================================
fea run  2 22740.420591308062
global fitness found:  20143.439501801982
===================================================
fea run  3 20143.439501801982
global fitness found:  19135.661954637286
===================================================
fea run  4 19135.661954637286
global fitness found:  18801.49282094858
===================================================
fea run  5 18801.49282094858
global fitness found:  18771.46222648138
===================================================
fea run  6 18771.46222648138
global fitness found:  18420.659902287378
===================================================
fea run  7 18420.659902287378
global fitness found:  18110.801445288118
===================================================
fea run  8 18110.801445288118
global fitness found:  17907.985550852787
===================================================
fea run  9 17907.985550852787
17907.985550852787
FEA Rand 1
global fitness found:  94860.62524147576
===================================================
fea run  0 94860.62524147576
global fitness found:  18810.426619455102
===================================================
fea run  1 18810.426619455102
global fitness found:  10603.181046541333
===================================================
fea run  2 10603.181046541333
global fitness found:  8087.596300055346
===================================================
fea run  3 8087.596300055346
global fitness found:  6513.624631105713
===================================================
fea run  4 6513.624631105713
global fitness found:  5421.618146529262
===================================================
fea run  5 5421.618146529262
global fitness found:  5023.07145976273
===================================================
fea run  6 5023.07145976273
global fitness found:  4781.220921023773
===================================================
fea run  7 4781.220921023773
global fitness found:  4654.884732602215
===================================================
fea run  8 4654.884732602215
global fitness found:  4576.040058546619
===================================================
fea run  9 4576.040058546619
4576.040058546619
FEA Rand 5
global fitness found:  117969.42543467824
===================================================
fea run  0 117969.42543467824
global fitness found:  33467.49298013451
===================================================
fea run  1 33467.49298013451
global fitness found:  13981.733276190182
===================================================
fea run  2 13981.733276190182
global fitness found:  12326.249584910005
===================================================
fea run  3 12326.249584910005
global fitness found:  11765.13818998103
===================================================
fea run  4 11765.13818998103
global fitness found:  11678.867394957382
===================================================
fea run  5 11678.867394957382
global fitness found:  11580.508618117768
===================================================
fea run  6 11580.508618117768
global fitness found:  11487.381693654626
===================================================
fea run  7 11487.381693654626
global fitness found:  11485.46599282316
===================================================
fea run  8 11485.46599282316
global fitness found:  11484.974800563221
===================================================
fea run  9 11484.974800563221
11484.974800563221
FEA Rand 10
global fitness found:  95138.44287505402
===================================================
fea run  0 95138.44287505402
global fitness found:  17964.121611092436
===================================================
fea run  1 17964.121611092436
global fitness found:  15527.441706011847
===================================================
fea run  2 15527.441706011847
global fitness found:  8259.3380260655
===================================================
fea run  3 8259.3380260655
global fitness found:  6512.827302843736
===================================================
fea run  4 6512.827302843736
global fitness found:  6202.991014862749
===================================================
fea run  5 6202.991014862749
global fitness found:  6133.976656182643
===================================================
fea run  6 6133.976656182643
global fitness found:  6086.717728406446
===================================================
fea run  7 6086.717728406446
global fitness found:  6076.420540053745
===================================================
fea run  8 6076.420540053745
global fitness found:  6076.420540053745
===================================================
fea run  9 6076.420540053745
6076.420540053745
FEA Rand 20
global fitness found:  59598.03977367462
===================================================
fea run  0 59598.03977367462
global fitness found:  19017.981722918354
===================================================
fea run  1 19017.981722918354
global fitness found:  8175.449511986985
===================================================
fea run  2 8175.449511986985
global fitness found:  6021.198055497878
===================================================
fea run  3 6021.198055497878
global fitness found:  5628.054172013241
===================================================
fea run  4 5628.054172013241
global fitness found:  5161.475340877621
===================================================
fea run  5 5161.475340877621
global fitness found:  4284.476820312508
===================================================
fea run  6 4284.476820312508
global fitness found:  3869.0966140462606
===================================================
fea run  7 3869.0966140462606
global fitness found:  3596.775382581164
===================================================
fea run  8 3596.775382581164
global fitness found:  3447.035751919735
===================================================
fea run  9 3447.035751919735
3447.035751919735
FEA Rand 40
global fitness found:  120798.49827781887
===================================================
fea run  0 120798.49827781887
global fitness found:  17286.05024296249
===================================================
fea run  1 17286.05024296249
global fitness found:  7983.322931207225
===================================================
fea run  2 7983.322931207225
global fitness found:  4715.616812045682
===================================================
fea run  3 4715.616812045682
global fitness found:  3103.9368753815424
===================================================
fea run  4 3103.9368753815424
global fitness found:  2219.510851646346
===================================================
fea run  5 2219.510851646346
global fitness found:  1828.8098623155602
===================================================
fea run  6 1828.8098623155602
global fitness found:  1616.1670257038372
===================================================
fea run  7 1616.1670257038372
global fitness found:  1594.1960380610185
===================================================
fea run  8 1594.1960380610185
global fitness found:  1133.422093371374
===================================================
fea run  9 1133.422093371374
1133.422093371374
FEA Rand 240
global fitness found:  79268.4320775547
===================================================
fea run  0 79268.4320775547
global fitness found:  18896.261456464796
===================================================
fea run  1 18896.261456464796
global fitness found:  15628.85396900945
===================================================
fea run  2 15628.85396900945
global fitness found:  14265.136460105841
===================================================
fea run  3 14265.136460105841
global fitness found:  13781.502172927574
===================================================
fea run  4 13781.502172927574
global fitness found:  13726.209178089093
===================================================
fea run  5 13726.209178089093
global fitness found:  13690.955025495421
===================================================
fea run  6 13690.955025495421
global fitness found:  13667.24640966389
===================================================
fea run  7 13667.24640966389
global fitness found:  13542.077585839294
===================================================
fea run  8 13542.077585839294
global fitness found:  13531.001183244724
===================================================
fea run  9 13531.001183244724
13531.001183244724
{'MEET': 17907.985550852787, 'Rand 1': 4576.040058546619, 'Rand 5': 11484.974800563221, 'Rand 10': 6076.420540053745, 'Rand 20': 3447.035751919735, 'Rand 40': 1133.422093371374, 'Rand 240': 13531.001183244724}

Process finished with exit code 0


Results:
Best value from FEA (minimization) 
	MEET:     17907.985550852787, 
	Rand 1:   4576.040058546619, 
	Rand 5:   11484.974800563221, 
	Rand 10:  6076.420540053745, 
	Rand 20:  3447.035751919735, 
	Rand 40:  1133.422093371374, 
	Rand 240: 13531.001183244724}

Total weight
	MEET:     12.174718240157196
	Rand 1:   -5.783585254953322
	Rand 5:   -3.8811001699560537
	Rand 10:  -2.0169288968967494
	Rand 20:  1.1365102182068432
	Rand 40:  4.577783512864606
	Rand 240: 11.102980027157294